149878 0000000000000000000000000000000000000000000000000000000000000000
149879 0000000000000000000000000000000000000000000000000000000000000000
149880 0000000000000000000000000000000000000000000000000000000000000000
149881 0000000000000000000000000000000000000000000000000000000000000000
149882 0000000000000000000000000000000000000000000000000000000000000000
149883 0000000000000000000000000000000000000000000000000000000000000000
149884 0000000000000000000000000000000000000000000000000000000000000000
149885 0000000000000000000000000000000000000000000000000000000000000000
149886 0000000000000000000000000000000000000000000000000000000000000000
149887 0000000000000000000000000000000000000000000000000000000000000000
149888 0000000000000000000000000000000000000000000000000000000000000000
149889 0000000000000000000000000000000000000000000000000000000000000000
149890 0000000000000000000000000000000000000000000000000000000000000000
149891 0000000000000000000000000000000000000000000000000000000000000000
149892 0000000000000000000000000000000000000000000000000000000000000000
149893 0000000000000000000000000000000000000000000000000000000000000000
149894 0000000000000000000000000000000000000000000000000000000000000000
149895 0000000000000000000000000000000000000000000000000000000000000000
149896 0000000000000000000000000000000000000000000000000000000000000000
149897 0000000000000000000000000000000000000000000000000000000000000000
149898 0000000000000000000000000000000000000000000000000000000000000000
149899 0000000000000000000000000000000000000000000000000000000000000000
149900 0000000000000000000000000000000000000000000000000000000000000000
149901 0000000000000000000000000000000000000000000000000000000000000000
149902 0000000000000000000000000000000000000000000000000000000000000000
149903 0000000000000000000000000000000000000000000000000000000000000000
149904 0000000000000000000000000000000000000000000000000000000000000000
149905 0000000000000000000000000000000000000000000000000000000000000000
149906 0000000000000000000000000000000000000000000000000000000000000000
149907 0000000000000000000000000000000000000000000000000000000000000000
149908 0000000000000000000000000000000000000000000000000000000000000000
149909 0000000000000000000000000000000000000000000000000000000000000000
149910 0000000000000000000000000000000000000000000000000000000000000000
149911 0000000000000000000000000000000000000000000000000000000000000000
149912 0000000000000000000000000000000000000000000000000000000000000000
149913 0000000000000000000000000000000000000000000000000000000000000000
149914 0000000000000000000000000000000000000000000000000000000000000000
149915 0000000000000000000000000000000000000000000000000000000000000000
149916 0000000000000000000000000000000000000000000000000000000000000000
149917 0000000000000000000000000000000000000000000000000000000000000000
149918 0000000000000000000000000000000000000000000000000000000000000000
149919 0000000000000000000000000000000000000000000000000000000000000000
149920 0000000000000000000000000000000000000000000000000000000000000000
149921 0000000000000000000000000000000000000000000000000000000000000000
149922 0000000000000000000000000000000000000000000000000000000000000000
149923 0000000000000000000000000000000000000000000000000000000000000000
149924 0000000000000000000000000000000000000000000000000000000000000000
149925 0000000000000000000000000000000000000000000000000000000000000000
149926 0000000000000000000000000000000000000000000000000000000000000000
149927 0000000000000000000000000000000000000000000000000000000000000000
