312778 0000000000000000000000000000000000000000000000000000000000000000
312779 0000000000000000000000000000000000000000000000000000000000000000
312780 0000000000000000000000000000000000000000000000000000000000000000
312781 0000000000000000000000000000000000000000000000000000000000000000
312782 0000000000000000000000000000000000000000000000000000000000000000
312783 0000000000000000000000000000000000000000000000000000000000000000
312784 0000000000000000000000000000000000000000000000000000000000000000
312785 0000000000000000000000000000000000000000000000000000000000000000
312786 0000000000000000000000000000000000000000000000000000000000000000
312787 0000000000000000000000000000000000000000000000000000000000000000
312788 0000000000000000000000000000000000000000000000000000000000000000
312789 0000000000000000000000000000000000000000000000000000000000000000
312790 0000000000000000000000000000000000000000000000000000000000000000
312791 0000000000000000000000000000000000000000000000000000000000000000
312792 0000000000000000000000000000000000000000000000000000000000000000
312793 0000000000000000000000000000000000000000000000000000000000000000
312794 0000000000000000000000000000000000000000000000000000000000000000
312795 0000000000000000000000000000000000000000000000000000000000000000
312796 0000000000000000000000000000000000000000000000000000000000000000
312797 0000000000000000000000000000000000000000000000000000000000000000
312798 0000000000000000000000000000000000000000000000000000000000000000
312799 0000000000000000000000000000000000000000000000000000000000000000
312800 0000000000000000000000000000000000000000000000000000000000000000
312801 0000000000000000000000000000000000000000000000000000000000000000
312802 0000000000000000000000000000000000000000000000000000000000000000
312803 0000000000000000000000000000000000000000000000000000000000000000
312804 0000000000000000000000000000000000000000000000000000000000000000
312805 0000000000000000000000000000000000000000000000000000000000000000
312806 0000000000000000000000000000000000000000000000000000000000000000
312807 0000000000000000000000000000000000000000000000000000000000000000
312808 0000000000000000000000000000000000000000000000000000000000000000
312809 0000000000000000000000000000000000000000000000000000000000000000
312810 0000000000000000000000000000000000000000000000000000000000000000
312811 0000000000000000000000000000000000000000000000000000000000000000
312812 0000000000000000000000000000000000000000000000000000000000000000
312813 0000000000000000000000000000000000000000000000000000000000000000
312814 0000000000000000000000000000000000000000000000000000000000000000
312815 0000000000000000000000000000000000000000000000000000000000000000
312816 0000000000000000000000000000000000000000000000000000000000000000
312817 0000000000000000000000000000000000000000000000000000000000000000
312818 0000000000000000000000000000000000000000000000000000000000000000
312819 0000000000000000000000000000000000000000000000000000000000000000
312820 0000000000000000000000000000000000000000000000000000000000000000
312821 0000000000000000000000000000000000000000000000000000000000000000
312822 0000000000000000000000000000000000000000000000000000000000000000
312823 0000000000000000000000000000000000000000000000000000000000000000
312824 0000000000000000000000000000000000000000000000000000000000000000
312825 0000000000000000000000000000000000000000000000000000000000000000
312826 0000000000000000000000000000000000000000000000000000000000000000
312827 0000000000000000000000000000000000000000000000000000000000000000
312828 0000000000000000000000000000000000000000000000000000000000000000
312829 0000000000000000000000000000000000000000000000000000000000000000
312830 0000000000000000000000000000000000000000000000000000000000000000
312831 0000000000000000000000000000000000000000000000000000000000000000
312832 0000000000000000000000000000000000000000000000000000000000000000
312833 0000000000000000000000000000000000000000000000000000000000000000
312834 0000000000000000000000000000000000000000000000000000000000000000
312835 0000000000000000000000000000000000000000000000000000000000000000
312836 0000000000000000000000000000000000000000000000000000000000000000
312837 0000000000000000000000000000000000000000000000000000000000000000
312838 0000000000000000000000000000000000000000000000000000000000000000
312839 0000000000000000000000000000000000000000000000000000000000000000
312840 0000000000000000000000000000000000000000000000000000000000000000
312841 0000000000000000000000000000000000000000000000000000000000000000
312842 0000000000000000000000000000000000000000000000000000000000000000
312843 0000000000000000000000000000000000000000000000000000000000000000
312844 0000000000000000000000000000000000000000000000000000000000000000
312845 0000000000000000000000000000000000000000000000000000000000000000
312846 0000000000000000000000000000000000000000000000000000000000000000
312847 0000000000000000000000000000000000000000000000000000000000000000
312848 0000000000000000000000000000000000000000000000000000000000000000
312849 0000000000000000000000000000000000000000000000000000000000000000
312850 0000000000000000000000000000000000000000000000000000000000000000
312851 0000000000000000000000000000000000000000000000000000000000000000
312852 0000000000000000000000000000000000000000000000000000000000000000
312853 0000000000000000000000000000000000000000000000000000000000000000
312854 0000000000000000000000000000000000000000000000000000000000000000
312855 0000000000000000000000000000000000000000000000000000000000000000
312856 0000000000000000000000000000000000000000000000000000000000000000
312857 0000000000000000000000000000000000000000000000000000000000000000
312858 0000000000000000000000000000000000000000000000000000000000000000
312859 0000000000000000000000000000000000000000000000000000000000000000
312860 0000000000000000000000000000000000000000000000000000000000000000
312861 0000000000000000000000000000000000000000000000000000000000000000
312862 0000000000000000000000000000000000000000000000000000000000000000
312863 0000000000000000000000000000000000000000000000000000000000000000
312864 0000000000000000000000000000000000000000000000000000000000000000
312865 0000000000000000000000000000000000000000000000000000000000000000
312866 0000000000000000000000000000000000000000000000000000000000000000
312867 0000000000000000000000000000000000000000000000000000000000000000
312868 0000000000000000000000000000000000000000000000000000000000000000
312869 0000000000000000000000000000000000000000000000000000000000000000
312870 0000000000000000000000000000000000000000000000000000000000000000
312871 0000000000000000000000000000000000000000000000000000000000000000
312872 0000000000000000000000000000000000000000000000000000000000000000
312873 0000000000000000000000000000000000000000000000000000000000000000
312874 0000000000000000000000000000000000000000000000000000000000000000
312875 0000000000000000000000000000000000000000000000000000000000000000
312876 0000000000000000000000000000000000000000000000000000000000000000
312877 0000000000000000000000000000000000000000000000000000000000000000
