1453078 0000000000000000000000000000000000000000000000000000000000000000
1453079 0000000000000000000000000000000000000000000000000000000000000000
1453080 0000000000000000000000000000000000000000000000000000000000000000
1453081 0000000000000000000000000000000000000000000000000000000000000000
1453082 0000000000000000000000000000000000000000000000000000000000000000
1453083 0000000000000000000000000000000000000000000000000000000000000000
1453084 0000000000000000000000000000000000000000000000000000000000000000
1453085 0000000000000000000000000000000000000000000000000000000000000000
1453086 0000000000000000000000000000000000000000000000000000000000000000
1453087 0000000000000000000000000000000000000000000000000000000000000000
1453088 0000000000000000000000000000000000000000000000000000000000000000
1453089 0000000000000000000000000000000000000000000000000000000000000000
1453090 0000000000000000000000000000000000000000000000000000000000000000
1453091 0000000000000000000000000000000000000000000000000000000000000000
1453092 0000000000000000000000000000000000000000000000000000000000000000
1453093 0000000000000000000000000000000000000000000000000000000000000000
1453094 0000000000000000000000000000000000000000000000000000000000000000
1453095 0000000000000000000000000000000000000000000000000000000000000000
1453096 0000000000000000000000000000000000000000000000000000000000000000
1453097 0000000000000000000000000000000000000000000000000000000000000000
1453098 0000000000000000000000000000000000000000000000000000000000000000
1453099 0000000000000000000000000000000000000000000000000000000000000000
1453100 0000000000000000000000000000000000000000000000000000000000000000
1453101 0000000000000000000000000000000000000000000000000000000000000000
1453102 0000000000000000000000000000000000000000000000000000000000000000
1453103 0000000000000000000000000000000000000000000000000000000000000000
1453104 0000000000000000000000000000000000000000000000000000000000000000
1453105 0000000000000000000000000000000000000000000000000000000000000000
1453106 0000000000000000000000000000000000000000000000000000000000000000
1453107 0000000000000000000000000000000000000000000000000000000000000000
1453108 0000000000000000000000000000000000000000000000000000000000000000
1453109 0000000000000000000000000000000000000000000000000000000000000000
1453110 0000000000000000000000000000000000000000000000000000000000000000
1453111 0000000000000000000000000000000000000000000000000000000000000000
1453112 0000000000000000000000000000000000000000000000000000000000000000
1453113 0000000000000000000000000000000000000000000000000000000000000000
1453114 0000000000000000000000000000000000000000000000000000000000000000
1453115 0000000000000000000000000000000000000000000000000000000000000000
1453116 0000000000000000000000000000000000000000000000000000000000000000
1453117 0000000000000000000000000000000000000000000000000000000000000000
1453118 0000000000000000000000000000000000000000000000000000000000000000
1453119 0000000000000000000000000000000000000000000000000000000000000000
1453120 0000000000000000000000000000000000000000000000000000000000000000
1453121 0000000000000000000000000000000000000000000000000000000000000000
1453122 0000000000000000000000000000000000000000000000000000000000000000
1453123 0000000000000000000000000000000000000000000000000000000000000000
1453124 0000000000000000000000000000000000000000000000000000000000000000
1453125 0000000000000000000000000000000000000000000000000000000000000000
1453126 0000000000000000000000000000000000000000000000000000000000000000
1453127 0000000000000000000000000000000000000000000000000000000000000000
1453128 0000000000000000000000000000000000000000000000000000000000000000
1453129 0000000000000000000000000000000000000000000000000000000000000000
1453130 0000000000000000000000000000000000000000000000000000000000000000
1453131 0000000000000000000000000000000000000000000000000000000000000000
1453132 0000000000000000000000000000000000000000000000000000000000000000
1453133 0000000000000000000000000000000000000000000000000000000000000000
1453134 0000000000000000000000000000000000000000000000000000000000000000
1453135 0000000000000000000000000000000000000000000000000000000000000000
1453136 0000000000000000000000000000000000000000000000000000000000000000
1453137 0000000000000000000000000000000000000000000000000000000000000000
1453138 0000000000000000000000000000000000000000000000000000000000000000
1453139 0000000000000000000000000000000000000000000000000000000000000000
1453140 0000000000000000000000000000000000000000000000000000000000000000
1453141 0000000000000000000000000000000000000000000000000000000000000000
1453142 0000000000000000000000000000000000000000000000000000000000000000
1453143 0000000000000000000000000000000000000000000000000000000000000000
1453144 0000000000000000000000000000000000000000000000000000000000000000
1453145 0000000000000000000000000000000000000000000000000000000000000000
1453146 0000000000000000000000000000000000000000000000000000000000000000
1453147 0000000000000000000000000000000000000000000000000000000000000000
1453148 0000000000000000000000000000000000000000000000000000000000000000
1453149 0000000000000000000000000000000000000000000000000000000000000000
1453150 0000000000000000000000000000000000000000000000000000000000000000
1453151 0000000000000000000000000000000000000000000000000000000000000000
1453152 0000000000000000000000000000000000000000000000000000000000000000
1453153 0000000000000000000000000000000000000000000000000000000000000000
1453154 0000000000000000000000000000000000000000000000000000000000000000
1453155 0000000000000000000000000000000000000000000000000000000000000000
1453156 0000000000000000000000000000000000000000000000000000000000000000
1453157 0000000000000000000000000000000000000000000000000000000000000000
1453158 0000000000000000000000000000000000000000000000000000000000000000
1453159 0000000000000000000000000000000000000000000000000000000000000000
1453160 0000000000000000000000000000000000000000000000000000000000000000
1453161 0000000000000000000000000000000000000000000000000000000000000000
1453162 0000000000000000000000000000000000000000000000000000000000000000
1453163 0000000000000000000000000000000000000000000000000000000000000000
1453164 0000000000000000000000000000000000000000000000000000000000000000
1453165 0000000000000000000000000000000000000000000000000000000000000000
1453166 0000000000000000000000000000000000000000000000000000000000000000
1453167 0000000000000000000000000000000000000000000000000000000000000000
1453168 0000000000000000000000000000000000000000000000000000000000000000
1453169 0000000000000000000000000000000000000000000000000000000000000000
1453170 0000000000000000000000000000000000000000000000000000000000000000
1453171 0000000000000000000000000000000000000000000000000000000000000000
1453172 0000000000000000000000000000000000000000000000000000000000000000
1453173 0000000000000000000000000000000000000000000000000000000000000000
1453174 0000000000000000000000000000000000000000000000000000000000000000
1453175 0000000000000000000000000000000000000000000000000000000000000000
1453176 0000000000000000000000000000000000000000000000000000000000000000
1453177 0000000000000000000000000000000000000000000000000000000000000000
1453178 0000000000000000000000000000000000000000000000000000000000000000
1453179 0000000000000000000000000000000000000000000000000000000000000000
1453180 0000000000000000000000000000000000000000000000000000000000000000
1453181 0000000000000000000000000000000000000000000000000000000000000000
1453182 0000000000000000000000000000000000000000000000000000000000000000
1453183 0000000000000000000000000000000000000000000000000000000000000000
1453184 0000000000000000000000000000000000000000000000000000000000000000
1453185 0000000000000000000000000000000000000000000000000000000000000000
1453186 0000000000000000000000000000000000000000000000000000000000000000
1453187 0000000000000000000000000000000000000000000000000000000000000000
1453188 0000000000000000000000000000000000000000000000000000000000000000
1453189 0000000000000000000000000000000000000000000000000000000000000000
1453190 0000000000000000000000000000000000000000000000000000000000000000
1453191 0000000000000000000000000000000000000000000000000000000000000000
1453192 0000000000000000000000000000000000000000000000000000000000000000
1453193 0000000000000000000000000000000000000000000000000000000000000000
1453194 0000000000000000000000000000000000000000000000000000000000000000
1453195 0000000000000000000000000000000000000000000000000000000000000000
1453196 0000000000000000000000000000000000000000000000000000000000000000
1453197 0000000000000000000000000000000000000000000000000000000000000000
1453198 0000000000000000000000000000000000000000000000000000000000000000
1453199 0000000000000000000000000000000000000000000000000000000000000000
1453200 0000000000000000000000000000000000000000000000000000000000000000
1453201 0000000000000000000000000000000000000000000000000000000000000000
1453202 0000000000000000000000000000000000000000000000000000000000000000
1453203 0000000000000000000000000000000000000000000000000000000000000000
1453204 0000000000000000000000000000000000000000000000000000000000000000
1453205 0000000000000000000000000000000000000000000000000000000000000000
1453206 0000000000000000000000000000000000000000000000000000000000000000
1453207 0000000000000000000000000000000000000000000000000000000000000000
1453208 0000000000000000000000000000000000000000000000000000000000000000
1453209 0000000000000000000000000000000000000000000000000000000000000000
1453210 0000000000000000000000000000000000000000000000000000000000000000
1453211 0000000000000000000000000000000000000000000000000000000000000000
1453212 0000000000000000000000000000000000000000000000000000000000000000
1453213 0000000000000000000000000000000000000000000000000000000000000000
1453214 0000000000000000000000000000000000000000000000000000000000000000
1453215 0000000000000000000000000000000000000000000000000000000000000000
1453216 0000000000000000000000000000000000000000000000000000000000000000
1453217 0000000000000000000000000000000000000000000000000000000000000000
1453218 0000000000000000000000000000000000000000000000000000000000000000
1453219 0000000000000000000000000000000000000000000000000000000000000000
1453220 0000000000000000000000000000000000000000000000000000000000000000
1453221 0000000000000000000000000000000000000000000000000000000000000000
1453222 0000000000000000000000000000000000000000000000000000000000000000
1453223 0000000000000000000000000000000000000000000000000000000000000000
1453224 0000000000000000000000000000000000000000000000000000000000000000
1453225 0000000000000000000000000000000000000000000000000000000000000000
1453226 0000000000000000000000000000000000000000000000000000000000000000
1453227 0000000000000000000000000000000000000000000000000000000000000000
1453228 0000000000000000000000000000000000000000000000000000000000000000
1453229 0000000000000000000000000000000000000000000000000000000000000000
1453230 0000000000000000000000000000000000000000000000000000000000000000
1453231 0000000000000000000000000000000000000000000000000000000000000000
1453232 0000000000000000000000000000000000000000000000000000000000000000
1453233 0000000000000000000000000000000000000000000000000000000000000000
1453234 0000000000000000000000000000000000000000000000000000000000000000
1453235 0000000000000000000000000000000000000000000000000000000000000000
1453236 0000000000000000000000000000000000000000000000000000000000000000
1453237 0000000000000000000000000000000000000000000000000000000000000000
1453238 0000000000000000000000000000000000000000000000000000000000000000
1453239 0000000000000000000000000000000000000000000000000000000000000000
1453240 0000000000000000000000000000000000000000000000000000000000000000
1453241 0000000000000000000000000000000000000000000000000000000000000000
1453242 0000000000000000000000000000000000000000000000000000000000000000
1453243 0000000000000000000000000000000000000000000000000000000000000000
1453244 0000000000000000000000000000000000000000000000000000000000000000
1453245 0000000000000000000000000000000000000000000000000000000000000000
1453246 0000000000000000000000000000000000000000000000000000000000000000
1453247 0000000000000000000000000000000000000000000000000000000000000000
1453248 0000000000000000000000000000000000000000000000000000000000000000
1453249 0000000000000000000000000000000000000000000000000000000000000000
1453250 0000000000000000000000000000000000000000000000000000000000000000
1453251 0000000000000000000000000000000000000000000000000000000000000000
1453252 0000000000000000000000000000000000000000000000000000000000000000
1453253 0000000000000000000000000000000000000000000000000000000000000000
1453254 0000000000000000000000000000000000000000000000000000000000000000
1453255 0000000000000000000000000000000000000000000000000000000000000000
1453256 0000000000000000000000000000000000000000000000000000000000000000
1453257 0000000000000000000000000000000000000000000000000000000000000000
1453258 0000000000000000000000000000000000000000000000000000000000000000
1453259 0000000000000000000000000000000000000000000000000000000000000000
1453260 0000000000000000000000000000000000000000000000000000000000000000
1453261 0000000000000000000000000000000000000000000000000000000000000000
1453262 0000000000000000000000000000000000000000000000000000000000000000
1453263 0000000000000000000000000000000000000000000000000000000000000000
1453264 0000000000000000000000000000000000000000000000000000000000000000
1453265 0000000000000000000000000000000000000000000000000000000000000000
1453266 0000000000000000000000000000000000000000000000000000000000000000
1453267 0000000000000000000000000000000000000000000000000000000000000000
1453268 0000000000000000000000000000000000000000000000000000000000000000
1453269 0000000000000000000000000000000000000000000000000000000000000000
1453270 0000000000000000000000000000000000000000000000000000000000000000
1453271 0000000000000000000000000000000000000000000000000000000000000000
1453272 0000000000000000000000000000000000000000000000000000000000000000
1453273 0000000000000000000000000000000000000000000000000000000000000000
1453274 0000000000000000000000000000000000000000000000000000000000000000
1453275 0000000000000000000000000000000000000000000000000000000000000000
1453276 0000000000000000000000000000000000000000000000000000000000000000
1453277 0000000000000000000000000000000000000000000000000000000000000000
1453278 0000000000000000000000000000000000000000000000000000000000000000
1453279 0000000000000000000000000000000000000000000000000000000000000000
1453280 0000000000000000000000000000000000000000000000000000000000000000
1453281 0000000000000000000000000000000000000000000000000000000000000000
1453282 0000000000000000000000000000000000000000000000000000000000000000
1453283 0000000000000000000000000000000000000000000000000000000000000000
1453284 0000000000000000000000000000000000000000000000000000000000000000
1453285 0000000000000000000000000000000000000000000000000000000000000000
1453286 0000000000000000000000000000000000000000000000000000000000000000
1453287 0000000000000000000000000000000000000000000000000000000000000000
1453288 0000000000000000000000000000000000000000000000000000000000000000
1453289 0000000000000000000000000000000000000000000000000000000000000000
1453290 0000000000000000000000000000000000000000000000000000000000000000
1453291 0000000000000000000000000000000000000000000000000000000000000000
1453292 0000000000000000000000000000000000000000000000000000000000000000
1453293 0000000000000000000000000000000000000000000000000000000000000000
1453294 0000000000000000000000000000000000000000000000000000000000000000
1453295 0000000000000000000000000000000000000000000000000000000000000000
1453296 0000000000000000000000000000000000000000000000000000000000000000
1453297 0000000000000000000000000000000000000000000000000000000000000000
1453298 0000000000000000000000000000000000000000000000000000000000000000
1453299 0000000000000000000000000000000000000000000000000000000000000000
1453300 0000000000000000000000000000000000000000000000000000000000000000
1453301 0000000000000000000000000000000000000000000000000000000000000000
1453302 0000000000000000000000000000000000000000000000000000000000000000
1453303 0000000000000000000000000000000000000000000000000000000000000000
1453304 0000000000000000000000000000000000000000000000000000000000000000
1453305 0000000000000000000000000000000000000000000000000000000000000000
1453306 0000000000000000000000000000000000000000000000000000000000000000
1453307 0000000000000000000000000000000000000000000000000000000000000000
1453308 0000000000000000000000000000000000000000000000000000000000000000
1453309 0000000000000000000000000000000000000000000000000000000000000000
1453310 0000000000000000000000000000000000000000000000000000000000000000
1453311 0000000000000000000000000000000000000000000000000000000000000000
1453312 0000000000000000000000000000000000000000000000000000000000000000
1453313 0000000000000000000000000000000000000000000000000000000000000000
1453314 0000000000000000000000000000000000000000000000000000000000000000
1453315 0000000000000000000000000000000000000000000000000000000000000000
1453316 0000000000000000000000000000000000000000000000000000000000000000
1453317 0000000000000000000000000000000000000000000000000000000000000000
1453318 0000000000000000000000000000000000000000000000000000000000000000
1453319 0000000000000000000000000000000000000000000000000000000000000000
1453320 0000000000000000000000000000000000000000000000000000000000000000
1453321 0000000000000000000000000000000000000000000000000000000000000000
1453322 0000000000000000000000000000000000000000000000000000000000000000
1453323 0000000000000000000000000000000000000000000000000000000000000000
1453324 0000000000000000000000000000000000000000000000000000000000000000
1453325 0000000000000000000000000000000000000000000000000000000000000000
1453326 0000000000000000000000000000000000000000000000000000000000000000
1453327 0000000000000000000000000000000000000000000000000000000000000000
1453328 0000000000000000000000000000000000000000000000000000000000000000
1453329 0000000000000000000000000000000000000000000000000000000000000000
1453330 0000000000000000000000000000000000000000000000000000000000000000
1453331 0000000000000000000000000000000000000000000000000000000000000000
1453332 0000000000000000000000000000000000000000000000000000000000000000
1453333 0000000000000000000000000000000000000000000000000000000000000000
1453334 0000000000000000000000000000000000000000000000000000000000000000
1453335 0000000000000000000000000000000000000000000000000000000000000000
1453336 0000000000000000000000000000000000000000000000000000000000000000
1453337 0000000000000000000000000000000000000000000000000000000000000000
1453338 0000000000000000000000000000000000000000000000000000000000000000
1453339 0000000000000000000000000000000000000000000000000000000000000000
1453340 0000000000000000000000000000000000000000000000000000000000000000
1453341 0000000000000000000000000000000000000000000000000000000000000000
1453342 0000000000000000000000000000000000000000000000000000000000000000
1453343 0000000000000000000000000000000000000000000000000000000000000000
1453344 0000000000000000000000000000000000000000000000000000000000000000
1453345 0000000000000000000000000000000000000000000000000000000000000000
1453346 0000000000000000000000000000000000000000000000000000000000000000
1453347 0000000000000000000000000000000000000000000000000000000000000000
1453348 0000000000000000000000000000000000000000000000000000000000000000
1453349 0000000000000000000000000000000000000000000000000000000000000000
1453350 0000000000000000000000000000000000000000000000000000000000000000
1453351 0000000000000000000000000000000000000000000000000000000000000000
1453352 0000000000000000000000000000000000000000000000000000000000000000
1453353 0000000000000000000000000000000000000000000000000000000000000000
1453354 0000000000000000000000000000000000000000000000000000000000000000
1453355 0000000000000000000000000000000000000000000000000000000000000000
1453356 0000000000000000000000000000000000000000000000000000000000000000
1453357 0000000000000000000000000000000000000000000000000000000000000000
1453358 0000000000000000000000000000000000000000000000000000000000000000
1453359 0000000000000000000000000000000000000000000000000000000000000000
1453360 0000000000000000000000000000000000000000000000000000000000000000
1453361 0000000000000000000000000000000000000000000000000000000000000000
1453362 0000000000000000000000000000000000000000000000000000000000000000
1453363 0000000000000000000000000000000000000000000000000000000000000000
1453364 0000000000000000000000000000000000000000000000000000000000000000
1453365 0000000000000000000000000000000000000000000000000000000000000000
1453366 0000000000000000000000000000000000000000000000000000000000000000
1453367 0000000000000000000000000000000000000000000000000000000000000000
1453368 0000000000000000000000000000000000000000000000000000000000000000
1453369 0000000000000000000000000000000000000000000000000000000000000000
1453370 0000000000000000000000000000000000000000000000000000000000000000
1453371 0000000000000000000000000000000000000000000000000000000000000000
1453372 0000000000000000000000000000000000000000000000000000000000000000
1453373 0000000000000000000000000000000000000000000000000000000000000000
1453374 0000000000000000000000000000000000000000000000000000000000000000
1453375 0000000000000000000000000000000000000000000000000000000000000000
1453376 0000000000000000000000000000000000000000000000000000000000000000
1453377 0000000000000000000000000000000000000000000000000000000000000000
1453378 0000000000000000000000000000000000000000000000000000000000000000
1453379 0000000000000000000000000000000000000000000000000000000000000000
1453380 0000000000000000000000000000000000000000000000000000000000000000
1453381 0000000000000000000000000000000000000000000000000000000000000000
1453382 0000000000000000000000000000000000000000000000000000000000000000
1453383 0000000000000000000000000000000000000000000000000000000000000000
1453384 0000000000000000000000000000000000000000000000000000000000000000
1453385 0000000000000000000000000000000000000000000000000000000000000000
1453386 0000000000000000000000000000000000000000000000000000000000000000
1453387 0000000000000000000000000000000000000000000000000000000000000000
1453388 0000000000000000000000000000000000000000000000000000000000000000
1453389 0000000000000000000000000000000000000000000000000000000000000000
1453390 0000000000000000000000000000000000000000000000000000000000000000
1453391 0000000000000000000000000000000000000000000000000000000000000000
1453392 0000000000000000000000000000000000000000000000000000000000000000
1453393 0000000000000000000000000000000000000000000000000000000000000000
1453394 0000000000000000000000000000000000000000000000000000000000000000
1453395 0000000000000000000000000000000000000000000000000000000000000000
1453396 0000000000000000000000000000000000000000000000000000000000000000
1453397 0000000000000000000000000000000000000000000000000000000000000000
1453398 0000000000000000000000000000000000000000000000000000000000000000
1453399 0000000000000000000000000000000000000000000000000000000000000000
1453400 0000000000000000000000000000000000000000000000000000000000000000
1453401 0000000000000000000000000000000000000000000000000000000000000000
1453402 0000000000000000000000000000000000000000000000000000000000000000
1453403 0000000000000000000000000000000000000000000000000000000000000000
1453404 0000000000000000000000000000000000000000000000000000000000000000
1453405 0000000000000000000000000000000000000000000000000000000000000000
1453406 0000000000000000000000000000000000000000000000000000000000000000
1453407 0000000000000000000000000000000000000000000000000000000000000000
1453408 0000000000000000000000000000000000000000000000000000000000000000
1453409 0000000000000000000000000000000000000000000000000000000000000000
1453410 0000000000000000000000000000000000000000000000000000000000000000
1453411 0000000000000000000000000000000000000000000000000000000000000000
1453412 0000000000000000000000000000000000000000000000000000000000000000
1453413 0000000000000000000000000000000000000000000000000000000000000000
1453414 0000000000000000000000000000000000000000000000000000000000000000
1453415 0000000000000000000000000000000000000000000000000000000000000000
1453416 0000000000000000000000000000000000000000000000000000000000000000
1453417 0000000000000000000000000000000000000000000000000000000000000000
1453418 0000000000000000000000000000000000000000000000000000000000000000
1453419 0000000000000000000000000000000000000000000000000000000000000000
1453420 0000000000000000000000000000000000000000000000000000000000000000
1453421 0000000000000000000000000000000000000000000000000000000000000000
1453422 0000000000000000000000000000000000000000000000000000000000000000
1453423 0000000000000000000000000000000000000000000000000000000000000000
1453424 0000000000000000000000000000000000000000000000000000000000000000
1453425 0000000000000000000000000000000000000000000000000000000000000000
1453426 0000000000000000000000000000000000000000000000000000000000000000
1453427 0000000000000000000000000000000000000000000000000000000000000000
1453428 0000000000000000000000000000000000000000000000000000000000000000
1453429 0000000000000000000000000000000000000000000000000000000000000000
1453430 0000000000000000000000000000000000000000000000000000000000000000
1453431 0000000000000000000000000000000000000000000000000000000000000000
1453432 0000000000000000000000000000000000000000000000000000000000000000
1453433 0000000000000000000000000000000000000000000000000000000000000000
1453434 0000000000000000000000000000000000000000000000000000000000000000
1453435 0000000000000000000000000000000000000000000000000000000000000000
1453436 0000000000000000000000000000000000000000000000000000000000000000
1453437 0000000000000000000000000000000000000000000000000000000000000000
1453438 0000000000000000000000000000000000000000000000000000000000000000
1453439 0000000000000000000000000000000000000000000000000000000000000000
1453440 0000000000000000000000000000000000000000000000000000000000000000
1453441 0000000000000000000000000000000000000000000000000000000000000000
1453442 0000000000000000000000000000000000000000000000000000000000000000
1453443 0000000000000000000000000000000000000000000000000000000000000000
1453444 0000000000000000000000000000000000000000000000000000000000000000
1453445 0000000000000000000000000000000000000000000000000000000000000000
1453446 0000000000000000000000000000000000000000000000000000000000000000
1453447 0000000000000000000000000000000000000000000000000000000000000000
1453448 0000000000000000000000000000000000000000000000000000000000000000
1453449 0000000000000000000000000000000000000000000000000000000000000000
1453450 0000000000000000000000000000000000000000000000000000000000000000
1453451 0000000000000000000000000000000000000000000000000000000000000000
1453452 0000000000000000000000000000000000000000000000000000000000000000
1453453 0000000000000000000000000000000000000000000000000000000000000000
1453454 0000000000000000000000000000000000000000000000000000000000000000
1453455 0000000000000000000000000000000000000000000000000000000000000000
1453456 0000000000000000000000000000000000000000000000000000000000000000
1453457 0000000000000000000000000000000000000000000000000000000000000000
1453458 0000000000000000000000000000000000000000000000000000000000000000
1453459 0000000000000000000000000000000000000000000000000000000000000000
1453460 0000000000000000000000000000000000000000000000000000000000000000
1453461 0000000000000000000000000000000000000000000000000000000000000000
1453462 0000000000000000000000000000000000000000000000000000000000000000
1453463 0000000000000000000000000000000000000000000000000000000000000000
1453464 0000000000000000000000000000000000000000000000000000000000000000
1453465 0000000000000000000000000000000000000000000000000000000000000000
1453466 0000000000000000000000000000000000000000000000000000000000000000
1453467 0000000000000000000000000000000000000000000000000000000000000000
1453468 0000000000000000000000000000000000000000000000000000000000000000
1453469 0000000000000000000000000000000000000000000000000000000000000000
1453470 0000000000000000000000000000000000000000000000000000000000000000
1453471 0000000000000000000000000000000000000000000000000000000000000000
1453472 0000000000000000000000000000000000000000000000000000000000000000
1453473 0000000000000000000000000000000000000000000000000000000000000000
1453474 0000000000000000000000000000000000000000000000000000000000000000
1453475 0000000000000000000000000000000000000000000000000000000000000000
1453476 0000000000000000000000000000000000000000000000000000000000000000
1453477 0000000000000000000000000000000000000000000000000000000000000000
1453478 0000000000000000000000000000000000000000000000000000000000000000
1453479 0000000000000000000000000000000000000000000000000000000000000000
1453480 0000000000000000000000000000000000000000000000000000000000000000
1453481 0000000000000000000000000000000000000000000000000000000000000000
1453482 0000000000000000000000000000000000000000000000000000000000000000
1453483 0000000000000000000000000000000000000000000000000000000000000000
1453484 0000000000000000000000000000000000000000000000000000000000000000
1453485 0000000000000000000000000000000000000000000000000000000000000000
1453486 0000000000000000000000000000000000000000000000000000000000000000
1453487 0000000000000000000000000000000000000000000000000000000000000000
1453488 0000000000000000000000000000000000000000000000000000000000000000
1453489 0000000000000000000000000000000000000000000000000000000000000000
1453490 0000000000000000000000000000000000000000000000000000000000000000
1453491 0000000000000000000000000000000000000000000000000000000000000000
1453492 0000000000000000000000000000000000000000000000000000000000000000
1453493 0000000000000000000000000000000000000000000000000000000000000000
1453494 0000000000000000000000000000000000000000000000000000000000000000
1453495 0000000000000000000000000000000000000000000000000000000000000000
1453496 0000000000000000000000000000000000000000000000000000000000000000
1453497 0000000000000000000000000000000000000000000000000000000000000000
1453498 0000000000000000000000000000000000000000000000000000000000000000
1453499 0000000000000000000000000000000000000000000000000000000000000000
1453500 0000000000000000000000000000000000000000000000000000000000000000
1453501 0000000000000000000000000000000000000000000000000000000000000000
1453502 0000000000000000000000000000000000000000000000000000000000000000
1453503 0000000000000000000000000000000000000000000000000000000000000000
1453504 0000000000000000000000000000000000000000000000000000000000000000
1453505 0000000000000000000000000000000000000000000000000000000000000000
1453506 0000000000000000000000000000000000000000000000000000000000000000
1453507 0000000000000000000000000000000000000000000000000000000000000000
1453508 0000000000000000000000000000000000000000000000000000000000000000
1453509 0000000000000000000000000000000000000000000000000000000000000000
1453510 0000000000000000000000000000000000000000000000000000000000000000
1453511 0000000000000000000000000000000000000000000000000000000000000000
1453512 0000000000000000000000000000000000000000000000000000000000000000
1453513 0000000000000000000000000000000000000000000000000000000000000000
1453514 0000000000000000000000000000000000000000000000000000000000000000
1453515 0000000000000000000000000000000000000000000000000000000000000000
1453516 0000000000000000000000000000000000000000000000000000000000000000
1453517 0000000000000000000000000000000000000000000000000000000000000000
1453518 0000000000000000000000000000000000000000000000000000000000000000
1453519 0000000000000000000000000000000000000000000000000000000000000000
1453520 0000000000000000000000000000000000000000000000000000000000000000
1453521 0000000000000000000000000000000000000000000000000000000000000000
1453522 0000000000000000000000000000000000000000000000000000000000000000
1453523 0000000000000000000000000000000000000000000000000000000000000000
1453524 0000000000000000000000000000000000000000000000000000000000000000
1453525 0000000000000000000000000000000000000000000000000000000000000000
1453526 0000000000000000000000000000000000000000000000000000000000000000
1453527 0000000000000000000000000000000000000000000000000000000000000000
