1615978 0000000000000000000000000000000000000000000000000000000000000000
1615979 0000000000000000000000000000000000000000000000000000000000000000
1615980 0000000000000000000000000000000000000000000000000000000000000000
1615981 0000000000000000000000000000000000000000000000000000000000000000
1615982 0000000000000000000000000000000000000000000000000000000000000000
1615983 0000000000000000000000000000000000000000000000000000000000000000
1615984 0000000000000000000000000000000000000000000000000000000000000000
1615985 0000000000000000000000000000000000000000000000000000000000000000
1615986 0000000000000000000000000000000000000000000000000000000000000000
1615987 0000000000000000000000000000000000000000000000000000000000000000
1615988 0000000000000000000000000000000000000000000000000000000000000000
1615989 0000000000000000000000000000000000000000000000000000000000000000
1615990 0000000000000000000000000000000000000000000000000000000000000000
1615991 0000000000000000000000000000000000000000000000000000000000000000
1615992 0000000000000000000000000000000000000000000000000000000000000000
1615993 0000000000000000000000000000000000000000000000000000000000000000
1615994 0000000000000000000000000000000000000000000000000000000000000000
1615995 0000000000000000000000000000000000000000000000000000000000000000
1615996 0000000000000000000000000000000000000000000000000000000000000000
1615997 0000000000000000000000000000000000000000000000000000000000000000
1615998 0000000000000000000000000000000000000000000000000000000000000000
1615999 0000000000000000000000000000000000000000000000000000000000000000
1616000 0000000000000000000000000000000000000000000000000000000000000000
1616001 0000000000000000000000000000000000000000000000000000000000000000
1616002 0000000000000000000000000000000000000000000000000000000000000000
1616003 0000000000000000000000000000000000000000000000000000000000000000
1616004 0000000000000000000000000000000000000000000000000000000000000000
1616005 0000000000000000000000000000000000000000000000000000000000000000
1616006 0000000000000000000000000000000000000000000000000000000000000000
1616007 0000000000000000000000000000000000000000000000000000000000000000
1616008 0000000000000000000000000000000000000000000000000000000000000000
1616009 0000000000000000000000000000000000000000000000000000000000000000
1616010 0000000000000000000000000000000000000000000000000000000000000000
1616011 0000000000000000000000000000000000000000000000000000000000000000
1616012 0000000000000000000000000000000000000000000000000000000000000000
1616013 0000000000000000000000000000000000000000000000000000000000000000
1616014 0000000000000000000000000000000000000000000000000000000000000000
1616015 0000000000000000000000000000000000000000000000000000000000000000
1616016 0000000000000000000000000000000000000000000000000000000000000000
1616017 0000000000000000000000000000000000000000000000000000000000000000
1616018 0000000000000000000000000000000000000000000000000000000000000000
1616019 0000000000000000000000000000000000000000000000000000000000000000
1616020 0000000000000000000000000000000000000000000000000000000000000000
1616021 0000000000000000000000000000000000000000000000000000000000000000
1616022 0000000000000000000000000000000000000000000000000000000000000000
1616023 0000000000000000000000000000000000000000000000000000000000000000
1616024 0000000000000000000000000000000000000000000000000000000000000000
1616025 0000000000000000000000000000000000000000000000000000000000000000
1616026 0000000000000000000000000000000000000000000000000000000000000000
1616027 0000000000000000000000000000000000000000000000000000000000000000
1616028 0000000000000000000000000000000000000000000000000000000000000000
1616029 0000000000000000000000000000000000000000000000000000000000000000
1616030 0000000000000000000000000000000000000000000000000000000000000000
1616031 0000000000000000000000000000000000000000000000000000000000000000
1616032 0000000000000000000000000000000000000000000000000000000000000000
1616033 0000000000000000000000000000000000000000000000000000000000000000
1616034 0000000000000000000000000000000000000000000000000000000000000000
1616035 0000000000000000000000000000000000000000000000000000000000000000
1616036 0000000000000000000000000000000000000000000000000000000000000000
1616037 0000000000000000000000000000000000000000000000000000000000000000
1616038 0000000000000000000000000000000000000000000000000000000000000000
1616039 0000000000000000000000000000000000000000000000000000000000000000
1616040 0000000000000000000000000000000000000000000000000000000000000000
1616041 0000000000000000000000000000000000000000000000000000000000000000
1616042 0000000000000000000000000000000000000000000000000000000000000000
1616043 0000000000000000000000000000000000000000000000000000000000000000
1616044 0000000000000000000000000000000000000000000000000000000000000000
1616045 0000000000000000000000000000000000000000000000000000000000000000
1616046 0000000000000000000000000000000000000000000000000000000000000000
1616047 0000000000000000000000000000000000000000000000000000000000000000
1616048 0000000000000000000000000000000000000000000000000000000000000000
1616049 0000000000000000000000000000000000000000000000000000000000000000
1616050 0000000000000000000000000000000000000000000000000000000000000000
1616051 0000000000000000000000000000000000000000000000000000000000000000
1616052 0000000000000000000000000000000000000000000000000000000000000000
1616053 0000000000000000000000000000000000000000000000000000000000000000
1616054 0000000000000000000000000000000000000000000000000000000000000000
1616055 0000000000000000000000000000000000000000000000000000000000000000
1616056 0000000000000000000000000000000000000000000000000000000000000000
1616057 0000000000000000000000000000000000000000000000000000000000000000
1616058 0000000000000000000000000000000000000000000000000000000000000000
1616059 0000000000000000000000000000000000000000000000000000000000000000
1616060 0000000000000000000000000000000000000000000000000000000000000000
1616061 0000000000000000000000000000000000000000000000000000000000000000
1616062 0000000000000000000000000000000000000000000000000000000000000000
1616063 0000000000000000000000000000000000000000000000000000000000000000
1616064 0000000000000000000000000000000000000000000000000000000000000000
1616065 0000000000000000000000000000000000000000000000000000000000000000
1616066 0000000000000000000000000000000000000000000000000000000000000000
1616067 0000000000000000000000000000000000000000000000000000000000000000
1616068 0000000000000000000000000000000000000000000000000000000000000000
1616069 0000000000000000000000000000000000000000000000000000000000000000
1616070 0000000000000000000000000000000000000000000000000000000000000000
1616071 0000000000000000000000000000000000000000000000000000000000000000
1616072 0000000000000000000000000000000000000000000000000000000000000000
1616073 0000000000000000000000000000000000000000000000000000000000000000
1616074 0000000000000000000000000000000000000000000000000000000000000000
1616075 0000000000000000000000000000000000000000000000000000000000000000
1616076 0000000000000000000000000000000000000000000000000000000000000000
1616077 0000000000000000000000000000000000000000000000000000000000000000
1616078 0000000000000000000000000000000000000000000000000000000000000000
1616079 0000000000000000000000000000000000000000000000000000000000000000
1616080 0000000000000000000000000000000000000000000000000000000000000000
1616081 0000000000000000000000000000000000000000000000000000000000000000
1616082 0000000000000000000000000000000000000000000000000000000000000000
1616083 0000000000000000000000000000000000000000000000000000000000000000
1616084 0000000000000000000000000000000000000000000000000000000000000000
1616085 0000000000000000000000000000000000000000000000000000000000000000
1616086 0000000000000000000000000000000000000000000000000000000000000000
1616087 0000000000000000000000000000000000000000000000000000000000000000
1616088 0000000000000000000000000000000000000000000000000000000000000000
1616089 0000000000000000000000000000000000000000000000000000000000000000
1616090 0000000000000000000000000000000000000000000000000000000000000000
1616091 0000000000000000000000000000000000000000000000000000000000000000
1616092 0000000000000000000000000000000000000000000000000000000000000000
1616093 0000000000000000000000000000000000000000000000000000000000000000
1616094 0000000000000000000000000000000000000000000000000000000000000000
1616095 0000000000000000000000000000000000000000000000000000000000000000
1616096 0000000000000000000000000000000000000000000000000000000000000000
1616097 0000000000000000000000000000000000000000000000000000000000000000
1616098 0000000000000000000000000000000000000000000000000000000000000000
1616099 0000000000000000000000000000000000000000000000000000000000000000
1616100 0000000000000000000000000000000000000000000000000000000000000000
1616101 0000000000000000000000000000000000000000000000000000000000000000
1616102 0000000000000000000000000000000000000000000000000000000000000000
1616103 0000000000000000000000000000000000000000000000000000000000000000
1616104 0000000000000000000000000000000000000000000000000000000000000000
1616105 0000000000000000000000000000000000000000000000000000000000000000
1616106 0000000000000000000000000000000000000000000000000000000000000000
1616107 0000000000000000000000000000000000000000000000000000000000000000
1616108 0000000000000000000000000000000000000000000000000000000000000000
1616109 0000000000000000000000000000000000000000000000000000000000000000
1616110 0000000000000000000000000000000000000000000000000000000000000000
1616111 0000000000000000000000000000000000000000000000000000000000000000
1616112 0000000000000000000000000000000000000000000000000000000000000000
1616113 0000000000000000000000000000000000000000000000000000000000000000
1616114 0000000000000000000000000000000000000000000000000000000000000000
1616115 0000000000000000000000000000000000000000000000000000000000000000
1616116 0000000000000000000000000000000000000000000000000000000000000000
1616117 0000000000000000000000000000000000000000000000000000000000000000
1616118 0000000000000000000000000000000000000000000000000000000000000000
1616119 0000000000000000000000000000000000000000000000000000000000000000
1616120 0000000000000000000000000000000000000000000000000000000000000000
1616121 0000000000000000000000000000000000000000000000000000000000000000
1616122 0000000000000000000000000000000000000000000000000000000000000000
1616123 0000000000000000000000000000000000000000000000000000000000000000
1616124 0000000000000000000000000000000000000000000000000000000000000000
1616125 0000000000000000000000000000000000000000000000000000000000000000
1616126 0000000000000000000000000000000000000000000000000000000000000000
1616127 0000000000000000000000000000000000000000000000000000000000000000
1616128 0000000000000000000000000000000000000000000000000000000000000000
1616129 0000000000000000000000000000000000000000000000000000000000000000
1616130 0000000000000000000000000000000000000000000000000000000000000000
1616131 0000000000000000000000000000000000000000000000000000000000000000
1616132 0000000000000000000000000000000000000000000000000000000000000000
1616133 0000000000000000000000000000000000000000000000000000000000000000
1616134 0000000000000000000000000000000000000000000000000000000000000000
1616135 0000000000000000000000000000000000000000000000000000000000000000
1616136 0000000000000000000000000000000000000000000000000000000000000000
1616137 0000000000000000000000000000000000000000000000000000000000000000
1616138 0000000000000000000000000000000000000000000000000000000000000000
1616139 0000000000000000000000000000000000000000000000000000000000000000
1616140 0000000000000000000000000000000000000000000000000000000000000000
1616141 0000000000000000000000000000000000000000000000000000000000000000
1616142 0000000000000000000000000000000000000000000000000000000000000000
1616143 0000000000000000000000000000000000000000000000000000000000000000
1616144 0000000000000000000000000000000000000000000000000000000000000000
1616145 0000000000000000000000000000000000000000000000000000000000000000
1616146 0000000000000000000000000000000000000000000000000000000000000000
1616147 0000000000000000000000000000000000000000000000000000000000000000
1616148 0000000000000000000000000000000000000000000000000000000000000000
1616149 0000000000000000000000000000000000000000000000000000000000000000
1616150 0000000000000000000000000000000000000000000000000000000000000000
1616151 0000000000000000000000000000000000000000000000000000000000000000
1616152 0000000000000000000000000000000000000000000000000000000000000000
1616153 0000000000000000000000000000000000000000000000000000000000000000
1616154 0000000000000000000000000000000000000000000000000000000000000000
1616155 0000000000000000000000000000000000000000000000000000000000000000
1616156 0000000000000000000000000000000000000000000000000000000000000000
1616157 0000000000000000000000000000000000000000000000000000000000000000
1616158 0000000000000000000000000000000000000000000000000000000000000000
1616159 0000000000000000000000000000000000000000000000000000000000000000
1616160 0000000000000000000000000000000000000000000000000000000000000000
1616161 0000000000000000000000000000000000000000000000000000000000000000
1616162 0000000000000000000000000000000000000000000000000000000000000000
1616163 0000000000000000000000000000000000000000000000000000000000000000
1616164 0000000000000000000000000000000000000000000000000000000000000000
1616165 0000000000000000000000000000000000000000000000000000000000000000
1616166 0000000000000000000000000000000000000000000000000000000000000000
1616167 0000000000000000000000000000000000000000000000000000000000000000
1616168 0000000000000000000000000000000000000000000000000000000000000000
1616169 0000000000000000000000000000000000000000000000000000000000000000
1616170 0000000000000000000000000000000000000000000000000000000000000000
1616171 0000000000000000000000000000000000000000000000000000000000000000
1616172 0000000000000000000000000000000000000000000000000000000000000000
1616173 0000000000000000000000000000000000000000000000000000000000000000
1616174 0000000000000000000000000000000000000000000000000000000000000000
1616175 0000000000000000000000000000000000000000000000000000000000000000
1616176 0000000000000000000000000000000000000000000000000000000000000000
1616177 0000000000000000000000000000000000000000000000000000000000000000
1616178 0000000000000000000000000000000000000000000000000000000000000000
1616179 0000000000000000000000000000000000000000000000000000000000000000
1616180 0000000000000000000000000000000000000000000000000000000000000000
1616181 0000000000000000000000000000000000000000000000000000000000000000
1616182 0000000000000000000000000000000000000000000000000000000000000000
1616183 0000000000000000000000000000000000000000000000000000000000000000
1616184 0000000000000000000000000000000000000000000000000000000000000000
1616185 0000000000000000000000000000000000000000000000000000000000000000
1616186 0000000000000000000000000000000000000000000000000000000000000000
1616187 0000000000000000000000000000000000000000000000000000000000000000
1616188 0000000000000000000000000000000000000000000000000000000000000000
1616189 0000000000000000000000000000000000000000000000000000000000000000
1616190 0000000000000000000000000000000000000000000000000000000000000000
1616191 0000000000000000000000000000000000000000000000000000000000000000
1616192 0000000000000000000000000000000000000000000000000000000000000000
1616193 0000000000000000000000000000000000000000000000000000000000000000
1616194 0000000000000000000000000000000000000000000000000000000000000000
1616195 0000000000000000000000000000000000000000000000000000000000000000
1616196 0000000000000000000000000000000000000000000000000000000000000000
1616197 0000000000000000000000000000000000000000000000000000000000000000
1616198 0000000000000000000000000000000000000000000000000000000000000000
1616199 0000000000000000000000000000000000000000000000000000000000000000
1616200 0000000000000000000000000000000000000000000000000000000000000000
1616201 0000000000000000000000000000000000000000000000000000000000000000
1616202 0000000000000000000000000000000000000000000000000000000000000000
1616203 0000000000000000000000000000000000000000000000000000000000000000
1616204 0000000000000000000000000000000000000000000000000000000000000000
1616205 0000000000000000000000000000000000000000000000000000000000000000
1616206 0000000000000000000000000000000000000000000000000000000000000000
1616207 0000000000000000000000000000000000000000000000000000000000000000
1616208 0000000000000000000000000000000000000000000000000000000000000000
1616209 0000000000000000000000000000000000000000000000000000000000000000
1616210 0000000000000000000000000000000000000000000000000000000000000000
1616211 0000000000000000000000000000000000000000000000000000000000000000
1616212 0000000000000000000000000000000000000000000000000000000000000000
1616213 0000000000000000000000000000000000000000000000000000000000000000
1616214 0000000000000000000000000000000000000000000000000000000000000000
1616215 0000000000000000000000000000000000000000000000000000000000000000
1616216 0000000000000000000000000000000000000000000000000000000000000000
1616217 0000000000000000000000000000000000000000000000000000000000000000
1616218 0000000000000000000000000000000000000000000000000000000000000000
1616219 0000000000000000000000000000000000000000000000000000000000000000
1616220 0000000000000000000000000000000000000000000000000000000000000000
1616221 0000000000000000000000000000000000000000000000000000000000000000
1616222 0000000000000000000000000000000000000000000000000000000000000000
1616223 0000000000000000000000000000000000000000000000000000000000000000
1616224 0000000000000000000000000000000000000000000000000000000000000000
1616225 0000000000000000000000000000000000000000000000000000000000000000
1616226 0000000000000000000000000000000000000000000000000000000000000000
1616227 0000000000000000000000000000000000000000000000000000000000000000
1616228 0000000000000000000000000000000000000000000000000000000000000000
1616229 0000000000000000000000000000000000000000000000000000000000000000
1616230 0000000000000000000000000000000000000000000000000000000000000000
1616231 0000000000000000000000000000000000000000000000000000000000000000
1616232 0000000000000000000000000000000000000000000000000000000000000000
1616233 0000000000000000000000000000000000000000000000000000000000000000
1616234 0000000000000000000000000000000000000000000000000000000000000000
1616235 0000000000000000000000000000000000000000000000000000000000000000
1616236 0000000000000000000000000000000000000000000000000000000000000000
1616237 0000000000000000000000000000000000000000000000000000000000000000
1616238 0000000000000000000000000000000000000000000000000000000000000000
1616239 0000000000000000000000000000000000000000000000000000000000000000
1616240 0000000000000000000000000000000000000000000000000000000000000000
1616241 0000000000000000000000000000000000000000000000000000000000000000
1616242 0000000000000000000000000000000000000000000000000000000000000000
1616243 0000000000000000000000000000000000000000000000000000000000000000
1616244 0000000000000000000000000000000000000000000000000000000000000000
1616245 0000000000000000000000000000000000000000000000000000000000000000
1616246 0000000000000000000000000000000000000000000000000000000000000000
1616247 0000000000000000000000000000000000000000000000000000000000000000
1616248 0000000000000000000000000000000000000000000000000000000000000000
1616249 0000000000000000000000000000000000000000000000000000000000000000
1616250 0000000000000000000000000000000000000000000000000000000000000000
1616251 0000000000000000000000000000000000000000000000000000000000000000
1616252 0000000000000000000000000000000000000000000000000000000000000000
1616253 0000000000000000000000000000000000000000000000000000000000000000
1616254 0000000000000000000000000000000000000000000000000000000000000000
1616255 0000000000000000000000000000000000000000000000000000000000000000
1616256 0000000000000000000000000000000000000000000000000000000000000000
1616257 0000000000000000000000000000000000000000000000000000000000000000
1616258 0000000000000000000000000000000000000000000000000000000000000000
1616259 0000000000000000000000000000000000000000000000000000000000000000
1616260 0000000000000000000000000000000000000000000000000000000000000000
1616261 0000000000000000000000000000000000000000000000000000000000000000
1616262 0000000000000000000000000000000000000000000000000000000000000000
1616263 0000000000000000000000000000000000000000000000000000000000000000
1616264 0000000000000000000000000000000000000000000000000000000000000000
1616265 0000000000000000000000000000000000000000000000000000000000000000
1616266 0000000000000000000000000000000000000000000000000000000000000000
1616267 0000000000000000000000000000000000000000000000000000000000000000
1616268 0000000000000000000000000000000000000000000000000000000000000000
1616269 0000000000000000000000000000000000000000000000000000000000000000
1616270 0000000000000000000000000000000000000000000000000000000000000000
1616271 0000000000000000000000000000000000000000000000000000000000000000
1616272 0000000000000000000000000000000000000000000000000000000000000000
1616273 0000000000000000000000000000000000000000000000000000000000000000
1616274 0000000000000000000000000000000000000000000000000000000000000000
1616275 0000000000000000000000000000000000000000000000000000000000000000
1616276 0000000000000000000000000000000000000000000000000000000000000000
1616277 0000000000000000000000000000000000000000000000000000000000000000
1616278 0000000000000000000000000000000000000000000000000000000000000000
1616279 0000000000000000000000000000000000000000000000000000000000000000
1616280 0000000000000000000000000000000000000000000000000000000000000000
1616281 0000000000000000000000000000000000000000000000000000000000000000
1616282 0000000000000000000000000000000000000000000000000000000000000000
1616283 0000000000000000000000000000000000000000000000000000000000000000
1616284 0000000000000000000000000000000000000000000000000000000000000000
1616285 0000000000000000000000000000000000000000000000000000000000000000
1616286 0000000000000000000000000000000000000000000000000000000000000000
1616287 0000000000000000000000000000000000000000000000000000000000000000
1616288 0000000000000000000000000000000000000000000000000000000000000000
1616289 0000000000000000000000000000000000000000000000000000000000000000
1616290 0000000000000000000000000000000000000000000000000000000000000000
1616291 0000000000000000000000000000000000000000000000000000000000000000
1616292 0000000000000000000000000000000000000000000000000000000000000000
1616293 0000000000000000000000000000000000000000000000000000000000000000
1616294 0000000000000000000000000000000000000000000000000000000000000000
1616295 0000000000000000000000000000000000000000000000000000000000000000
1616296 0000000000000000000000000000000000000000000000000000000000000000
1616297 0000000000000000000000000000000000000000000000000000000000000000
1616298 0000000000000000000000000000000000000000000000000000000000000000
1616299 0000000000000000000000000000000000000000000000000000000000000000
1616300 0000000000000000000000000000000000000000000000000000000000000000
1616301 0000000000000000000000000000000000000000000000000000000000000000
1616302 0000000000000000000000000000000000000000000000000000000000000000
1616303 0000000000000000000000000000000000000000000000000000000000000000
1616304 0000000000000000000000000000000000000000000000000000000000000000
1616305 0000000000000000000000000000000000000000000000000000000000000000
1616306 0000000000000000000000000000000000000000000000000000000000000000
1616307 0000000000000000000000000000000000000000000000000000000000000000
1616308 0000000000000000000000000000000000000000000000000000000000000000
1616309 0000000000000000000000000000000000000000000000000000000000000000
1616310 0000000000000000000000000000000000000000000000000000000000000000
1616311 0000000000000000000000000000000000000000000000000000000000000000
1616312 0000000000000000000000000000000000000000000000000000000000000000
1616313 0000000000000000000000000000000000000000000000000000000000000000
1616314 0000000000000000000000000000000000000000000000000000000000000000
1616315 0000000000000000000000000000000000000000000000000000000000000000
1616316 0000000000000000000000000000000000000000000000000000000000000000
1616317 0000000000000000000000000000000000000000000000000000000000000000
1616318 0000000000000000000000000000000000000000000000000000000000000000
1616319 0000000000000000000000000000000000000000000000000000000000000000
1616320 0000000000000000000000000000000000000000000000000000000000000000
1616321 0000000000000000000000000000000000000000000000000000000000000000
1616322 0000000000000000000000000000000000000000000000000000000000000000
1616323 0000000000000000000000000000000000000000000000000000000000000000
1616324 0000000000000000000000000000000000000000000000000000000000000000
1616325 0000000000000000000000000000000000000000000000000000000000000000
1616326 0000000000000000000000000000000000000000000000000000000000000000
1616327 0000000000000000000000000000000000000000000000000000000000000000
1616328 0000000000000000000000000000000000000000000000000000000000000000
1616329 0000000000000000000000000000000000000000000000000000000000000000
1616330 0000000000000000000000000000000000000000000000000000000000000000
1616331 0000000000000000000000000000000000000000000000000000000000000000
1616332 0000000000000000000000000000000000000000000000000000000000000000
1616333 0000000000000000000000000000000000000000000000000000000000000000
1616334 0000000000000000000000000000000000000000000000000000000000000000
1616335 0000000000000000000000000000000000000000000000000000000000000000
1616336 0000000000000000000000000000000000000000000000000000000000000000
1616337 0000000000000000000000000000000000000000000000000000000000000000
1616338 0000000000000000000000000000000000000000000000000000000000000000
1616339 0000000000000000000000000000000000000000000000000000000000000000
1616340 0000000000000000000000000000000000000000000000000000000000000000
1616341 0000000000000000000000000000000000000000000000000000000000000000
1616342 0000000000000000000000000000000000000000000000000000000000000000
1616343 0000000000000000000000000000000000000000000000000000000000000000
1616344 0000000000000000000000000000000000000000000000000000000000000000
1616345 0000000000000000000000000000000000000000000000000000000000000000
1616346 0000000000000000000000000000000000000000000000000000000000000000
1616347 0000000000000000000000000000000000000000000000000000000000000000
1616348 0000000000000000000000000000000000000000000000000000000000000000
1616349 0000000000000000000000000000000000000000000000000000000000000000
1616350 0000000000000000000000000000000000000000000000000000000000000000
1616351 0000000000000000000000000000000000000000000000000000000000000000
1616352 0000000000000000000000000000000000000000000000000000000000000000
1616353 0000000000000000000000000000000000000000000000000000000000000000
1616354 0000000000000000000000000000000000000000000000000000000000000000
1616355 0000000000000000000000000000000000000000000000000000000000000000
1616356 0000000000000000000000000000000000000000000000000000000000000000
1616357 0000000000000000000000000000000000000000000000000000000000000000
1616358 0000000000000000000000000000000000000000000000000000000000000000
1616359 0000000000000000000000000000000000000000000000000000000000000000
1616360 0000000000000000000000000000000000000000000000000000000000000000
1616361 0000000000000000000000000000000000000000000000000000000000000000
1616362 0000000000000000000000000000000000000000000000000000000000000000
1616363 0000000000000000000000000000000000000000000000000000000000000000
1616364 0000000000000000000000000000000000000000000000000000000000000000
1616365 0000000000000000000000000000000000000000000000000000000000000000
1616366 0000000000000000000000000000000000000000000000000000000000000000
1616367 0000000000000000000000000000000000000000000000000000000000000000
1616368 0000000000000000000000000000000000000000000000000000000000000000
1616369 0000000000000000000000000000000000000000000000000000000000000000
1616370 0000000000000000000000000000000000000000000000000000000000000000
1616371 0000000000000000000000000000000000000000000000000000000000000000
1616372 0000000000000000000000000000000000000000000000000000000000000000
1616373 0000000000000000000000000000000000000000000000000000000000000000
1616374 0000000000000000000000000000000000000000000000000000000000000000
1616375 0000000000000000000000000000000000000000000000000000000000000000
1616376 0000000000000000000000000000000000000000000000000000000000000000
1616377 0000000000000000000000000000000000000000000000000000000000000000
1616378 0000000000000000000000000000000000000000000000000000000000000000
1616379 0000000000000000000000000000000000000000000000000000000000000000
1616380 0000000000000000000000000000000000000000000000000000000000000000
1616381 0000000000000000000000000000000000000000000000000000000000000000
1616382 0000000000000000000000000000000000000000000000000000000000000000
1616383 0000000000000000000000000000000000000000000000000000000000000000
1616384 0000000000000000000000000000000000000000000000000000000000000000
1616385 0000000000000000000000000000000000000000000000000000000000000000
1616386 0000000000000000000000000000000000000000000000000000000000000000
1616387 0000000000000000000000000000000000000000000000000000000000000000
1616388 0000000000000000000000000000000000000000000000000000000000000000
1616389 0000000000000000000000000000000000000000000000000000000000000000
1616390 0000000000000000000000000000000000000000000000000000000000000000
1616391 0000000000000000000000000000000000000000000000000000000000000000
1616392 0000000000000000000000000000000000000000000000000000000000000000
1616393 0000000000000000000000000000000000000000000000000000000000000000
1616394 0000000000000000000000000000000000000000000000000000000000000000
1616395 0000000000000000000000000000000000000000000000000000000000000000
1616396 0000000000000000000000000000000000000000000000000000000000000000
1616397 0000000000000000000000000000000000000000000000000000000000000000
1616398 0000000000000000000000000000000000000000000000000000000000000000
1616399 0000000000000000000000000000000000000000000000000000000000000000
1616400 0000000000000000000000000000000000000000000000000000000000000000
1616401 0000000000000000000000000000000000000000000000000000000000000000
1616402 0000000000000000000000000000000000000000000000000000000000000000
1616403 0000000000000000000000000000000000000000000000000000000000000000
1616404 0000000000000000000000000000000000000000000000000000000000000000
1616405 0000000000000000000000000000000000000000000000000000000000000000
1616406 0000000000000000000000000000000000000000000000000000000000000000
1616407 0000000000000000000000000000000000000000000000000000000000000000
1616408 0000000000000000000000000000000000000000000000000000000000000000
1616409 0000000000000000000000000000000000000000000000000000000000000000
1616410 0000000000000000000000000000000000000000000000000000000000000000
1616411 0000000000000000000000000000000000000000000000000000000000000000
1616412 0000000000000000000000000000000000000000000000000000000000000000
1616413 0000000000000000000000000000000000000000000000000000000000000000
1616414 0000000000000000000000000000000000000000000000000000000000000000
1616415 0000000000000000000000000000000000000000000000000000000000000000
1616416 0000000000000000000000000000000000000000000000000000000000000000
1616417 0000000000000000000000000000000000000000000000000000000000000000
1616418 0000000000000000000000000000000000000000000000000000000000000000
1616419 0000000000000000000000000000000000000000000000000000000000000000
1616420 0000000000000000000000000000000000000000000000000000000000000000
1616421 0000000000000000000000000000000000000000000000000000000000000000
1616422 0000000000000000000000000000000000000000000000000000000000000000
1616423 0000000000000000000000000000000000000000000000000000000000000000
1616424 0000000000000000000000000000000000000000000000000000000000000000
1616425 0000000000000000000000000000000000000000000000000000000000000000
1616426 0000000000000000000000000000000000000000000000000000000000000000
1616427 0000000000000000000000000000000000000000000000000000000000000000
1616428 0000000000000000000000000000000000000000000000000000000000000000
1616429 0000000000000000000000000000000000000000000000000000000000000000
1616430 0000000000000000000000000000000000000000000000000000000000000000
1616431 0000000000000000000000000000000000000000000000000000000000000000
1616432 0000000000000000000000000000000000000000000000000000000000000000
1616433 0000000000000000000000000000000000000000000000000000000000000000
1616434 0000000000000000000000000000000000000000000000000000000000000000
1616435 0000000000000000000000000000000000000000000000000000000000000000
1616436 0000000000000000000000000000000000000000000000000000000000000000
1616437 0000000000000000000000000000000000000000000000000000000000000000
1616438 0000000000000000000000000000000000000000000000000000000000000000
1616439 0000000000000000000000000000000000000000000000000000000000000000
1616440 0000000000000000000000000000000000000000000000000000000000000000
1616441 0000000000000000000000000000000000000000000000000000000000000000
1616442 0000000000000000000000000000000000000000000000000000000000000000
1616443 0000000000000000000000000000000000000000000000000000000000000000
1616444 0000000000000000000000000000000000000000000000000000000000000000
1616445 0000000000000000000000000000000000000000000000000000000000000000
1616446 0000000000000000000000000000000000000000000000000000000000000000
1616447 0000000000000000000000000000000000000000000000000000000000000000
1616448 0000000000000000000000000000000000000000000000000000000000000000
1616449 0000000000000000000000000000000000000000000000000000000000000000
1616450 0000000000000000000000000000000000000000000000000000000000000000
1616451 0000000000000000000000000000000000000000000000000000000000000000
1616452 0000000000000000000000000000000000000000000000000000000000000000
1616453 0000000000000000000000000000000000000000000000000000000000000000
1616454 0000000000000000000000000000000000000000000000000000000000000000
1616455 0000000000000000000000000000000000000000000000000000000000000000
1616456 0000000000000000000000000000000000000000000000000000000000000000
1616457 0000000000000000000000000000000000000000000000000000000000000000
1616458 0000000000000000000000000000000000000000000000000000000000000000
1616459 0000000000000000000000000000000000000000000000000000000000000000
1616460 0000000000000000000000000000000000000000000000000000000000000000
1616461 0000000000000000000000000000000000000000000000000000000000000000
1616462 0000000000000000000000000000000000000000000000000000000000000000
1616463 0000000000000000000000000000000000000000000000000000000000000000
1616464 0000000000000000000000000000000000000000000000000000000000000000
1616465 0000000000000000000000000000000000000000000000000000000000000000
1616466 0000000000000000000000000000000000000000000000000000000000000000
1616467 0000000000000000000000000000000000000000000000000000000000000000
1616468 0000000000000000000000000000000000000000000000000000000000000000
1616469 0000000000000000000000000000000000000000000000000000000000000000
1616470 0000000000000000000000000000000000000000000000000000000000000000
1616471 0000000000000000000000000000000000000000000000000000000000000000
1616472 0000000000000000000000000000000000000000000000000000000000000000
1616473 0000000000000000000000000000000000000000000000000000000000000000
1616474 0000000000000000000000000000000000000000000000000000000000000000
1616475 0000000000000000000000000000000000000000000000000000000000000000
1616476 0000000000000000000000000000000000000000000000000000000000000000
1616477 0000000000000000000000000000000000000000000000000000000000000000
