638578 0000000000000000000000000000000000000000000000000000000000000000
638579 0000000000000000000000000000000000000000000000000000000000000000
638580 0000000000000000000000000000000000000000000000000000000000000000
638581 0000000000000000000000000000000000000000000000000000000000000000
638582 0000000000000000000000000000000000000000000000000000000000000000
638583 0000000000000000000000000000000000000000000000000000000000000000
638584 0000000000000000000000000000000000000000000000000000000000000000
638585 0000000000000000000000000000000000000000000000000000000000000000
638586 0000000000000000000000000000000000000000000000000000000000000000
638587 0000000000000000000000000000000000000000000000000000000000000000
638588 0000000000000000000000000000000000000000000000000000000000000000
638589 0000000000000000000000000000000000000000000000000000000000000000
638590 0000000000000000000000000000000000000000000000000000000000000000
638591 0000000000000000000000000000000000000000000000000000000000000000
638592 0000000000000000000000000000000000000000000000000000000000000000
638593 0000000000000000000000000000000000000000000000000000000000000000
638594 0000000000000000000000000000000000000000000000000000000000000000
638595 0000000000000000000000000000000000000000000000000000000000000000
638596 0000000000000000000000000000000000000000000000000000000000000000
638597 0000000000000000000000000000000000000000000000000000000000000000
638598 0000000000000000000000000000000000000000000000000000000000000000
638599 0000000000000000000000000000000000000000000000000000000000000000
638600 0000000000000000000000000000000000000000000000000000000000000000
638601 0000000000000000000000000000000000000000000000000000000000000000
638602 0000000000000000000000000000000000000000000000000000000000000000
638603 0000000000000000000000000000000000000000000000000000000000000000
638604 0000000000000000000000000000000000000000000000000000000000000000
638605 0000000000000000000000000000000000000000000000000000000000000000
638606 0000000000000000000000000000000000000000000000000000000000000000
638607 0000000000000000000000000000000000000000000000000000000000000000
638608 0000000000000000000000000000000000000000000000000000000000000000
638609 0000000000000000000000000000000000000000000000000000000000000000
638610 0000000000000000000000000000000000000000000000000000000000000000
638611 0000000000000000000000000000000000000000000000000000000000000000
638612 0000000000000000000000000000000000000000000000000000000000000000
638613 0000000000000000000000000000000000000000000000000000000000000000
638614 0000000000000000000000000000000000000000000000000000000000000000
638615 0000000000000000000000000000000000000000000000000000000000000000
638616 0000000000000000000000000000000000000000000000000000000000000000
638617 0000000000000000000000000000000000000000000000000000000000000000
638618 0000000000000000000000000000000000000000000000000000000000000000
638619 0000000000000000000000000000000000000000000000000000000000000000
638620 0000000000000000000000000000000000000000000000000000000000000000
638621 0000000000000000000000000000000000000000000000000000000000000000
638622 0000000000000000000000000000000000000000000000000000000000000000
638623 0000000000000000000000000000000000000000000000000000000000000000
638624 0000000000000000000000000000000000000000000000000000000000000000
638625 0000000000000000000000000000000000000000000000000000000000000000
638626 0000000000000000000000000000000000000000000000000000000000000000
638627 0000000000000000000000000000000000000000000000000000000000000000
638628 0000000000000000000000000000000000000000000000000000000000000000
638629 0000000000000000000000000000000000000000000000000000000000000000
638630 0000000000000000000000000000000000000000000000000000000000000000
638631 0000000000000000000000000000000000000000000000000000000000000000
638632 0000000000000000000000000000000000000000000000000000000000000000
638633 0000000000000000000000000000000000000000000000000000000000000000
638634 0000000000000000000000000000000000000000000000000000000000000000
638635 0000000000000000000000000000000000000000000000000000000000000000
638636 0000000000000000000000000000000000000000000000000000000000000000
638637 0000000000000000000000000000000000000000000000000000000000000000
638638 0000000000000000000000000000000000000000000000000000000000000000
638639 0000000000000000000000000000000000000000000000000000000000000000
638640 0000000000000000000000000000000000000000000000000000000000000000
638641 0000000000000000000000000000000000000000000000000000000000000000
638642 0000000000000000000000000000000000000000000000000000000000000000
638643 0000000000000000000000000000000000000000000000000000000000000000
638644 0000000000000000000000000000000000000000000000000000000000000000
638645 0000000000000000000000000000000000000000000000000000000000000000
638646 0000000000000000000000000000000000000000000000000000000000000000
638647 0000000000000000000000000000000000000000000000000000000000000000
638648 0000000000000000000000000000000000000000000000000000000000000000
638649 0000000000000000000000000000000000000000000000000000000000000000
638650 0000000000000000000000000000000000000000000000000000000000000000
638651 0000000000000000000000000000000000000000000000000000000000000000
638652 0000000000000000000000000000000000000000000000000000000000000000
638653 0000000000000000000000000000000000000000000000000000000000000000
638654 0000000000000000000000000000000000000000000000000000000000000000
638655 0000000000000000000000000000000000000000000000000000000000000000
638656 0000000000000000000000000000000000000000000000000000000000000000
638657 0000000000000000000000000000000000000000000000000000000000000000
638658 0000000000000000000000000000000000000000000000000000000000000000
638659 0000000000000000000000000000000000000000000000000000000000000000
638660 0000000000000000000000000000000000000000000000000000000000000000
638661 0000000000000000000000000000000000000000000000000000000000000000
638662 0000000000000000000000000000000000000000000000000000000000000000
638663 0000000000000000000000000000000000000000000000000000000000000000
638664 0000000000000000000000000000000000000000000000000000000000000000
638665 0000000000000000000000000000000000000000000000000000000000000000
638666 0000000000000000000000000000000000000000000000000000000000000000
638667 0000000000000000000000000000000000000000000000000000000000000000
638668 0000000000000000000000000000000000000000000000000000000000000000
638669 0000000000000000000000000000000000000000000000000000000000000000
638670 0000000000000000000000000000000000000000000000000000000000000000
638671 0000000000000000000000000000000000000000000000000000000000000000
638672 0000000000000000000000000000000000000000000000000000000000000000
638673 0000000000000000000000000000000000000000000000000000000000000000
638674 0000000000000000000000000000000000000000000000000000000000000000
638675 0000000000000000000000000000000000000000000000000000000000000000
638676 0000000000000000000000000000000000000000000000000000000000000000
638677 0000000000000000000000000000000000000000000000000000000000000000
638678 0000000000000000000000000000000000000000000000000000000000000000
638679 0000000000000000000000000000000000000000000000000000000000000000
638680 0000000000000000000000000000000000000000000000000000000000000000
638681 0000000000000000000000000000000000000000000000000000000000000000
638682 0000000000000000000000000000000000000000000000000000000000000000
638683 0000000000000000000000000000000000000000000000000000000000000000
638684 0000000000000000000000000000000000000000000000000000000000000000
638685 0000000000000000000000000000000000000000000000000000000000000000
638686 0000000000000000000000000000000000000000000000000000000000000000
638687 0000000000000000000000000000000000000000000000000000000000000000
638688 0000000000000000000000000000000000000000000000000000000000000000
638689 0000000000000000000000000000000000000000000000000000000000000000
638690 0000000000000000000000000000000000000000000000000000000000000000
638691 0000000000000000000000000000000000000000000000000000000000000000
638692 0000000000000000000000000000000000000000000000000000000000000000
638693 0000000000000000000000000000000000000000000000000000000000000000
638694 0000000000000000000000000000000000000000000000000000000000000000
638695 0000000000000000000000000000000000000000000000000000000000000000
638696 0000000000000000000000000000000000000000000000000000000000000000
638697 0000000000000000000000000000000000000000000000000000000000000000
638698 0000000000000000000000000000000000000000000000000000000000000000
638699 0000000000000000000000000000000000000000000000000000000000000000
638700 0000000000000000000000000000000000000000000000000000000000000000
638701 0000000000000000000000000000000000000000000000000000000000000000
638702 0000000000000000000000000000000000000000000000000000000000000000
638703 0000000000000000000000000000000000000000000000000000000000000000
638704 0000000000000000000000000000000000000000000000000000000000000000
638705 0000000000000000000000000000000000000000000000000000000000000000
638706 0000000000000000000000000000000000000000000000000000000000000000
638707 0000000000000000000000000000000000000000000000000000000000000000
638708 0000000000000000000000000000000000000000000000000000000000000000
638709 0000000000000000000000000000000000000000000000000000000000000000
638710 0000000000000000000000000000000000000000000000000000000000000000
638711 0000000000000000000000000000000000000000000000000000000000000000
638712 0000000000000000000000000000000000000000000000000000000000000000
638713 0000000000000000000000000000000000000000000000000000000000000000
638714 0000000000000000000000000000000000000000000000000000000000000000
638715 0000000000000000000000000000000000000000000000000000000000000000
638716 0000000000000000000000000000000000000000000000000000000000000000
638717 0000000000000000000000000000000000000000000000000000000000000000
638718 0000000000000000000000000000000000000000000000000000000000000000
638719 0000000000000000000000000000000000000000000000000000000000000000
638720 0000000000000000000000000000000000000000000000000000000000000000
638721 0000000000000000000000000000000000000000000000000000000000000000
638722 0000000000000000000000000000000000000000000000000000000000000000
638723 0000000000000000000000000000000000000000000000000000000000000000
638724 0000000000000000000000000000000000000000000000000000000000000000
638725 0000000000000000000000000000000000000000000000000000000000000000
638726 0000000000000000000000000000000000000000000000000000000000000000
638727 0000000000000000000000000000000000000000000000000000000000000000
638728 0000000000000000000000000000000000000000000000000000000000000000
638729 0000000000000000000000000000000000000000000000000000000000000000
638730 0000000000000000000000000000000000000000000000000000000000000000
638731 0000000000000000000000000000000000000000000000000000000000000000
638732 0000000000000000000000000000000000000000000000000000000000000000
638733 0000000000000000000000000000000000000000000000000000000000000000
638734 0000000000000000000000000000000000000000000000000000000000000000
638735 0000000000000000000000000000000000000000000000000000000000000000
638736 0000000000000000000000000000000000000000000000000000000000000000
638737 0000000000000000000000000000000000000000000000000000000000000000
638738 0000000000000000000000000000000000000000000000000000000000000000
638739 0000000000000000000000000000000000000000000000000000000000000000
638740 0000000000000000000000000000000000000000000000000000000000000000
638741 0000000000000000000000000000000000000000000000000000000000000000
638742 0000000000000000000000000000000000000000000000000000000000000000
638743 0000000000000000000000000000000000000000000000000000000000000000
638744 0000000000000000000000000000000000000000000000000000000000000000
638745 0000000000000000000000000000000000000000000000000000000000000000
638746 0000000000000000000000000000000000000000000000000000000000000000
638747 0000000000000000000000000000000000000000000000000000000000000000
638748 0000000000000000000000000000000000000000000000000000000000000000
638749 0000000000000000000000000000000000000000000000000000000000000000
638750 0000000000000000000000000000000000000000000000000000000000000000
638751 0000000000000000000000000000000000000000000000000000000000000000
638752 0000000000000000000000000000000000000000000000000000000000000000
638753 0000000000000000000000000000000000000000000000000000000000000000
638754 0000000000000000000000000000000000000000000000000000000000000000
638755 0000000000000000000000000000000000000000000000000000000000000000
638756 0000000000000000000000000000000000000000000000000000000000000000
638757 0000000000000000000000000000000000000000000000000000000000000000
638758 0000000000000000000000000000000000000000000000000000000000000000
638759 0000000000000000000000000000000000000000000000000000000000000000
638760 0000000000000000000000000000000000000000000000000000000000000000
638761 0000000000000000000000000000000000000000000000000000000000000000
638762 0000000000000000000000000000000000000000000000000000000000000000
638763 0000000000000000000000000000000000000000000000000000000000000000
638764 0000000000000000000000000000000000000000000000000000000000000000
638765 0000000000000000000000000000000000000000000000000000000000000000
638766 0000000000000000000000000000000000000000000000000000000000000000
638767 0000000000000000000000000000000000000000000000000000000000000000
638768 0000000000000000000000000000000000000000000000000000000000000000
638769 0000000000000000000000000000000000000000000000000000000000000000
638770 0000000000000000000000000000000000000000000000000000000000000000
638771 0000000000000000000000000000000000000000000000000000000000000000
638772 0000000000000000000000000000000000000000000000000000000000000000
638773 0000000000000000000000000000000000000000000000000000000000000000
638774 0000000000000000000000000000000000000000000000000000000000000000
638775 0000000000000000000000000000000000000000000000000000000000000000
638776 0000000000000000000000000000000000000000000000000000000000000000
638777 0000000000000000000000000000000000000000000000000000000000000000
