964378 0000000000000000000000000000000000000000000000000000000000000000
964379 0000000000000000000000000000000000000000000000000000000000000000
964380 0000000000000000000000000000000000000000000000000000000000000000
964381 0000000000000000000000000000000000000000000000000000000000000000
964382 0000000000000000000000000000000000000000000000000000000000000000
964383 0000000000000000000000000000000000000000000000000000000000000000
964384 0000000000000000000000000000000000000000000000000000000000000000
964385 0000000000000000000000000000000000000000000000000000000000000000
964386 0000000000000000000000000000000000000000000000000000000000000000
964387 0000000000000000000000000000000000000000000000000000000000000000
964388 0000000000000000000000000000000000000000000000000000000000000000
964389 0000000000000000000000000000000000000000000000000000000000000000
964390 0000000000000000000000000000000000000000000000000000000000000000
964391 0000000000000000000000000000000000000000000000000000000000000000
964392 0000000000000000000000000000000000000000000000000000000000000000
964393 0000000000000000000000000000000000000000000000000000000000000000
964394 0000000000000000000000000000000000000000000000000000000000000000
964395 0000000000000000000000000000000000000000000000000000000000000000
964396 0000000000000000000000000000000000000000000000000000000000000000
964397 0000000000000000000000000000000000000000000000000000000000000000
964398 0000000000000000000000000000000000000000000000000000000000000000
964399 0000000000000000000000000000000000000000000000000000000000000000
964400 0000000000000000000000000000000000000000000000000000000000000000
964401 0000000000000000000000000000000000000000000000000000000000000000
964402 0000000000000000000000000000000000000000000000000000000000000000
964403 0000000000000000000000000000000000000000000000000000000000000000
964404 0000000000000000000000000000000000000000000000000000000000000000
964405 0000000000000000000000000000000000000000000000000000000000000000
964406 0000000000000000000000000000000000000000000000000000000000000000
964407 0000000000000000000000000000000000000000000000000000000000000000
964408 0000000000000000000000000000000000000000000000000000000000000000
964409 0000000000000000000000000000000000000000000000000000000000000000
964410 0000000000000000000000000000000000000000000000000000000000000000
964411 0000000000000000000000000000000000000000000000000000000000000000
964412 0000000000000000000000000000000000000000000000000000000000000000
964413 0000000000000000000000000000000000000000000000000000000000000000
964414 0000000000000000000000000000000000000000000000000000000000000000
964415 0000000000000000000000000000000000000000000000000000000000000000
964416 0000000000000000000000000000000000000000000000000000000000000000
964417 0000000000000000000000000000000000000000000000000000000000000000
964418 0000000000000000000000000000000000000000000000000000000000000000
964419 0000000000000000000000000000000000000000000000000000000000000000
964420 0000000000000000000000000000000000000000000000000000000000000000
964421 0000000000000000000000000000000000000000000000000000000000000000
964422 0000000000000000000000000000000000000000000000000000000000000000
964423 0000000000000000000000000000000000000000000000000000000000000000
964424 0000000000000000000000000000000000000000000000000000000000000000
964425 0000000000000000000000000000000000000000000000000000000000000000
964426 0000000000000000000000000000000000000000000000000000000000000000
964427 0000000000000000000000000000000000000000000000000000000000000000
964428 0000000000000000000000000000000000000000000000000000000000000000
964429 0000000000000000000000000000000000000000000000000000000000000000
964430 0000000000000000000000000000000000000000000000000000000000000000
964431 0000000000000000000000000000000000000000000000000000000000000000
964432 0000000000000000000000000000000000000000000000000000000000000000
964433 0000000000000000000000000000000000000000000000000000000000000000
964434 0000000000000000000000000000000000000000000000000000000000000000
964435 0000000000000000000000000000000000000000000000000000000000000000
964436 0000000000000000000000000000000000000000000000000000000000000000
964437 0000000000000000000000000000000000000000000000000000000000000000
964438 0000000000000000000000000000000000000000000000000000000000000000
964439 0000000000000000000000000000000000000000000000000000000000000000
964440 0000000000000000000000000000000000000000000000000000000000000000
964441 0000000000000000000000000000000000000000000000000000000000000000
964442 0000000000000000000000000000000000000000000000000000000000000000
964443 0000000000000000000000000000000000000000000000000000000000000000
964444 0000000000000000000000000000000000000000000000000000000000000000
964445 0000000000000000000000000000000000000000000000000000000000000000
964446 0000000000000000000000000000000000000000000000000000000000000000
964447 0000000000000000000000000000000000000000000000000000000000000000
964448 0000000000000000000000000000000000000000000000000000000000000000
964449 0000000000000000000000000000000000000000000000000000000000000000
964450 0000000000000000000000000000000000000000000000000000000000000000
964451 0000000000000000000000000000000000000000000000000000000000000000
964452 0000000000000000000000000000000000000000000000000000000000000000
964453 0000000000000000000000000000000000000000000000000000000000000000
964454 0000000000000000000000000000000000000000000000000000000000000000
964455 0000000000000000000000000000000000000000000000000000000000000000
964456 0000000000000000000000000000000000000000000000000000000000000000
964457 0000000000000000000000000000000000000000000000000000000000000000
964458 0000000000000000000000000000000000000000000000000000000000000000
964459 0000000000000000000000000000000000000000000000000000000000000000
964460 0000000000000000000000000000000000000000000000000000000000000000
964461 0000000000000000000000000000000000000000000000000000000000000000
964462 0000000000000000000000000000000000000000000000000000000000000000
964463 0000000000000000000000000000000000000000000000000000000000000000
964464 0000000000000000000000000000000000000000000000000000000000000000
964465 0000000000000000000000000000000000000000000000000000000000000000
964466 0000000000000000000000000000000000000000000000000000000000000000
964467 0000000000000000000000000000000000000000000000000000000000000000
964468 0000000000000000000000000000000000000000000000000000000000000000
964469 0000000000000000000000000000000000000000000000000000000000000000
964470 0000000000000000000000000000000000000000000000000000000000000000
964471 0000000000000000000000000000000000000000000000000000000000000000
964472 0000000000000000000000000000000000000000000000000000000000000000
964473 0000000000000000000000000000000000000000000000000000000000000000
964474 0000000000000000000000000000000000000000000000000000000000000000
964475 0000000000000000000000000000000000000000000000000000000000000000
964476 0000000000000000000000000000000000000000000000000000000000000000
964477 0000000000000000000000000000000000000000000000000000000000000000
964478 0000000000000000000000000000000000000000000000000000000000000000
964479 0000000000000000000000000000000000000000000000000000000000000000
964480 0000000000000000000000000000000000000000000000000000000000000000
964481 0000000000000000000000000000000000000000000000000000000000000000
964482 0000000000000000000000000000000000000000000000000000000000000000
964483 0000000000000000000000000000000000000000000000000000000000000000
964484 0000000000000000000000000000000000000000000000000000000000000000
964485 0000000000000000000000000000000000000000000000000000000000000000
964486 0000000000000000000000000000000000000000000000000000000000000000
964487 0000000000000000000000000000000000000000000000000000000000000000
964488 0000000000000000000000000000000000000000000000000000000000000000
964489 0000000000000000000000000000000000000000000000000000000000000000
964490 0000000000000000000000000000000000000000000000000000000000000000
964491 0000000000000000000000000000000000000000000000000000000000000000
964492 0000000000000000000000000000000000000000000000000000000000000000
964493 0000000000000000000000000000000000000000000000000000000000000000
964494 0000000000000000000000000000000000000000000000000000000000000000
964495 0000000000000000000000000000000000000000000000000000000000000000
964496 0000000000000000000000000000000000000000000000000000000000000000
964497 0000000000000000000000000000000000000000000000000000000000000000
964498 0000000000000000000000000000000000000000000000000000000000000000
964499 0000000000000000000000000000000000000000000000000000000000000000
964500 0000000000000000000000000000000000000000000000000000000000000000
964501 0000000000000000000000000000000000000000000000000000000000000000
964502 0000000000000000000000000000000000000000000000000000000000000000
964503 0000000000000000000000000000000000000000000000000000000000000000
964504 0000000000000000000000000000000000000000000000000000000000000000
964505 0000000000000000000000000000000000000000000000000000000000000000
964506 0000000000000000000000000000000000000000000000000000000000000000
964507 0000000000000000000000000000000000000000000000000000000000000000
964508 0000000000000000000000000000000000000000000000000000000000000000
964509 0000000000000000000000000000000000000000000000000000000000000000
964510 0000000000000000000000000000000000000000000000000000000000000000
964511 0000000000000000000000000000000000000000000000000000000000000000
964512 0000000000000000000000000000000000000000000000000000000000000000
964513 0000000000000000000000000000000000000000000000000000000000000000
964514 0000000000000000000000000000000000000000000000000000000000000000
964515 0000000000000000000000000000000000000000000000000000000000000000
964516 0000000000000000000000000000000000000000000000000000000000000000
964517 0000000000000000000000000000000000000000000000000000000000000000
964518 0000000000000000000000000000000000000000000000000000000000000000
964519 0000000000000000000000000000000000000000000000000000000000000000
964520 0000000000000000000000000000000000000000000000000000000000000000
964521 0000000000000000000000000000000000000000000000000000000000000000
964522 0000000000000000000000000000000000000000000000000000000000000000
964523 0000000000000000000000000000000000000000000000000000000000000000
964524 0000000000000000000000000000000000000000000000000000000000000000
964525 0000000000000000000000000000000000000000000000000000000000000000
964526 0000000000000000000000000000000000000000000000000000000000000000
964527 0000000000000000000000000000000000000000000000000000000000000000
964528 0000000000000000000000000000000000000000000000000000000000000000
964529 0000000000000000000000000000000000000000000000000000000000000000
964530 0000000000000000000000000000000000000000000000000000000000000000
964531 0000000000000000000000000000000000000000000000000000000000000000
964532 0000000000000000000000000000000000000000000000000000000000000000
964533 0000000000000000000000000000000000000000000000000000000000000000
964534 0000000000000000000000000000000000000000000000000000000000000000
964535 0000000000000000000000000000000000000000000000000000000000000000
964536 0000000000000000000000000000000000000000000000000000000000000000
964537 0000000000000000000000000000000000000000000000000000000000000000
964538 0000000000000000000000000000000000000000000000000000000000000000
964539 0000000000000000000000000000000000000000000000000000000000000000
964540 0000000000000000000000000000000000000000000000000000000000000000
964541 0000000000000000000000000000000000000000000000000000000000000000
964542 0000000000000000000000000000000000000000000000000000000000000000
964543 0000000000000000000000000000000000000000000000000000000000000000
964544 0000000000000000000000000000000000000000000000000000000000000000
964545 0000000000000000000000000000000000000000000000000000000000000000
964546 0000000000000000000000000000000000000000000000000000000000000000
964547 0000000000000000000000000000000000000000000000000000000000000000
964548 0000000000000000000000000000000000000000000000000000000000000000
964549 0000000000000000000000000000000000000000000000000000000000000000
964550 0000000000000000000000000000000000000000000000000000000000000000
964551 0000000000000000000000000000000000000000000000000000000000000000
964552 0000000000000000000000000000000000000000000000000000000000000000
964553 0000000000000000000000000000000000000000000000000000000000000000
964554 0000000000000000000000000000000000000000000000000000000000000000
964555 0000000000000000000000000000000000000000000000000000000000000000
964556 0000000000000000000000000000000000000000000000000000000000000000
964557 0000000000000000000000000000000000000000000000000000000000000000
964558 0000000000000000000000000000000000000000000000000000000000000000
964559 0000000000000000000000000000000000000000000000000000000000000000
964560 0000000000000000000000000000000000000000000000000000000000000000
964561 0000000000000000000000000000000000000000000000000000000000000000
964562 0000000000000000000000000000000000000000000000000000000000000000
964563 0000000000000000000000000000000000000000000000000000000000000000
964564 0000000000000000000000000000000000000000000000000000000000000000
964565 0000000000000000000000000000000000000000000000000000000000000000
964566 0000000000000000000000000000000000000000000000000000000000000000
964567 0000000000000000000000000000000000000000000000000000000000000000
964568 0000000000000000000000000000000000000000000000000000000000000000
964569 0000000000000000000000000000000000000000000000000000000000000000
964570 0000000000000000000000000000000000000000000000000000000000000000
964571 0000000000000000000000000000000000000000000000000000000000000000
964572 0000000000000000000000000000000000000000000000000000000000000000
964573 0000000000000000000000000000000000000000000000000000000000000000
964574 0000000000000000000000000000000000000000000000000000000000000000
964575 0000000000000000000000000000000000000000000000000000000000000000
964576 0000000000000000000000000000000000000000000000000000000000000000
964577 0000000000000000000000000000000000000000000000000000000000000000
964578 0000000000000000000000000000000000000000000000000000000000000000
964579 0000000000000000000000000000000000000000000000000000000000000000
964580 0000000000000000000000000000000000000000000000000000000000000000
964581 0000000000000000000000000000000000000000000000000000000000000000
964582 0000000000000000000000000000000000000000000000000000000000000000
964583 0000000000000000000000000000000000000000000000000000000000000000
964584 0000000000000000000000000000000000000000000000000000000000000000
964585 0000000000000000000000000000000000000000000000000000000000000000
964586 0000000000000000000000000000000000000000000000000000000000000000
964587 0000000000000000000000000000000000000000000000000000000000000000
964588 0000000000000000000000000000000000000000000000000000000000000000
964589 0000000000000000000000000000000000000000000000000000000000000000
964590 0000000000000000000000000000000000000000000000000000000000000000
964591 0000000000000000000000000000000000000000000000000000000000000000
964592 0000000000000000000000000000000000000000000000000000000000000000
964593 0000000000000000000000000000000000000000000000000000000000000000
964594 0000000000000000000000000000000000000000000000000000000000000000
964595 0000000000000000000000000000000000000000000000000000000000000000
964596 0000000000000000000000000000000000000000000000000000000000000000
964597 0000000000000000000000000000000000000000000000000000000000000000
964598 0000000000000000000000000000000000000000000000000000000000000000
964599 0000000000000000000000000000000000000000000000000000000000000000
964600 0000000000000000000000000000000000000000000000000000000000000000
964601 0000000000000000000000000000000000000000000000000000000000000000
964602 0000000000000000000000000000000000000000000000000000000000000000
964603 0000000000000000000000000000000000000000000000000000000000000000
964604 0000000000000000000000000000000000000000000000000000000000000000
964605 0000000000000000000000000000000000000000000000000000000000000000
964606 0000000000000000000000000000000000000000000000000000000000000000
964607 0000000000000000000000000000000000000000000000000000000000000000
964608 0000000000000000000000000000000000000000000000000000000000000000
964609 0000000000000000000000000000000000000000000000000000000000000000
964610 0000000000000000000000000000000000000000000000000000000000000000
964611 0000000000000000000000000000000000000000000000000000000000000000
964612 0000000000000000000000000000000000000000000000000000000000000000
964613 0000000000000000000000000000000000000000000000000000000000000000
964614 0000000000000000000000000000000000000000000000000000000000000000
964615 0000000000000000000000000000000000000000000000000000000000000000
964616 0000000000000000000000000000000000000000000000000000000000000000
964617 0000000000000000000000000000000000000000000000000000000000000000
964618 0000000000000000000000000000000000000000000000000000000000000000
964619 0000000000000000000000000000000000000000000000000000000000000000
964620 0000000000000000000000000000000000000000000000000000000000000000
964621 0000000000000000000000000000000000000000000000000000000000000000
964622 0000000000000000000000000000000000000000000000000000000000000000
964623 0000000000000000000000000000000000000000000000000000000000000000
964624 0000000000000000000000000000000000000000000000000000000000000000
964625 0000000000000000000000000000000000000000000000000000000000000000
964626 0000000000000000000000000000000000000000000000000000000000000000
964627 0000000000000000000000000000000000000000000000000000000000000000
964628 0000000000000000000000000000000000000000000000000000000000000000
964629 0000000000000000000000000000000000000000000000000000000000000000
964630 0000000000000000000000000000000000000000000000000000000000000000
964631 0000000000000000000000000000000000000000000000000000000000000000
964632 0000000000000000000000000000000000000000000000000000000000000000
964633 0000000000000000000000000000000000000000000000000000000000000000
964634 0000000000000000000000000000000000000000000000000000000000000000
964635 0000000000000000000000000000000000000000000000000000000000000000
964636 0000000000000000000000000000000000000000000000000000000000000000
964637 0000000000000000000000000000000000000000000000000000000000000000
964638 0000000000000000000000000000000000000000000000000000000000000000
964639 0000000000000000000000000000000000000000000000000000000000000000
964640 0000000000000000000000000000000000000000000000000000000000000000
964641 0000000000000000000000000000000000000000000000000000000000000000
964642 0000000000000000000000000000000000000000000000000000000000000000
964643 0000000000000000000000000000000000000000000000000000000000000000
964644 0000000000000000000000000000000000000000000000000000000000000000
964645 0000000000000000000000000000000000000000000000000000000000000000
964646 0000000000000000000000000000000000000000000000000000000000000000
964647 0000000000000000000000000000000000000000000000000000000000000000
964648 0000000000000000000000000000000000000000000000000000000000000000
964649 0000000000000000000000000000000000000000000000000000000000000000
964650 0000000000000000000000000000000000000000000000000000000000000000
964651 0000000000000000000000000000000000000000000000000000000000000000
964652 0000000000000000000000000000000000000000000000000000000000000000
964653 0000000000000000000000000000000000000000000000000000000000000000
964654 0000000000000000000000000000000000000000000000000000000000000000
964655 0000000000000000000000000000000000000000000000000000000000000000
964656 0000000000000000000000000000000000000000000000000000000000000000
964657 0000000000000000000000000000000000000000000000000000000000000000
964658 0000000000000000000000000000000000000000000000000000000000000000
964659 0000000000000000000000000000000000000000000000000000000000000000
964660 0000000000000000000000000000000000000000000000000000000000000000
964661 0000000000000000000000000000000000000000000000000000000000000000
964662 0000000000000000000000000000000000000000000000000000000000000000
964663 0000000000000000000000000000000000000000000000000000000000000000
964664 0000000000000000000000000000000000000000000000000000000000000000
964665 0000000000000000000000000000000000000000000000000000000000000000
964666 0000000000000000000000000000000000000000000000000000000000000000
964667 0000000000000000000000000000000000000000000000000000000000000000
964668 0000000000000000000000000000000000000000000000000000000000000000
964669 0000000000000000000000000000000000000000000000000000000000000000
964670 0000000000000000000000000000000000000000000000000000000000000000
964671 0000000000000000000000000000000000000000000000000000000000000000
964672 0000000000000000000000000000000000000000000000000000000000000000
964673 0000000000000000000000000000000000000000000000000000000000000000
964674 0000000000000000000000000000000000000000000000000000000000000000
964675 0000000000000000000000000000000000000000000000000000000000000000
964676 0000000000000000000000000000000000000000000000000000000000000000
964677 0000000000000000000000000000000000000000000000000000000000000000
