801478 0000000000000000000000000000000000000000000000000000000000000000
801479 0000000000000000000000000000000000000000000000000000000000000000
801480 0000000000000000000000000000000000000000000000000000000000000000
801481 0000000000000000000000000000000000000000000000000000000000000000
801482 0000000000000000000000000000000000000000000000000000000000000000
801483 0000000000000000000000000000000000000000000000000000000000000000
801484 0000000000000000000000000000000000000000000000000000000000000000
801485 0000000000000000000000000000000000000000000000000000000000000000
801486 0000000000000000000000000000000000000000000000000000000000000000
801487 0000000000000000000000000000000000000000000000000000000000000000
801488 0000000000000000000000000000000000000000000000000000000000000000
801489 0000000000000000000000000000000000000000000000000000000000000000
801490 0000000000000000000000000000000000000000000000000000000000000000
801491 0000000000000000000000000000000000000000000000000000000000000000
801492 0000000000000000000000000000000000000000000000000000000000000000
801493 0000000000000000000000000000000000000000000000000000000000000000
801494 0000000000000000000000000000000000000000000000000000000000000000
801495 0000000000000000000000000000000000000000000000000000000000000000
801496 0000000000000000000000000000000000000000000000000000000000000000
801497 0000000000000000000000000000000000000000000000000000000000000000
801498 0000000000000000000000000000000000000000000000000000000000000000
801499 0000000000000000000000000000000000000000000000000000000000000000
801500 0000000000000000000000000000000000000000000000000000000000000000
801501 0000000000000000000000000000000000000000000000000000000000000000
801502 0000000000000000000000000000000000000000000000000000000000000000
801503 0000000000000000000000000000000000000000000000000000000000000000
801504 0000000000000000000000000000000000000000000000000000000000000000
801505 0000000000000000000000000000000000000000000000000000000000000000
801506 0000000000000000000000000000000000000000000000000000000000000000
801507 0000000000000000000000000000000000000000000000000000000000000000
801508 0000000000000000000000000000000000000000000000000000000000000000
801509 0000000000000000000000000000000000000000000000000000000000000000
801510 0000000000000000000000000000000000000000000000000000000000000000
801511 0000000000000000000000000000000000000000000000000000000000000000
801512 0000000000000000000000000000000000000000000000000000000000000000
801513 0000000000000000000000000000000000000000000000000000000000000000
801514 0000000000000000000000000000000000000000000000000000000000000000
801515 0000000000000000000000000000000000000000000000000000000000000000
801516 0000000000000000000000000000000000000000000000000000000000000000
801517 0000000000000000000000000000000000000000000000000000000000000000
801518 0000000000000000000000000000000000000000000000000000000000000000
801519 0000000000000000000000000000000000000000000000000000000000000000
801520 0000000000000000000000000000000000000000000000000000000000000000
801521 0000000000000000000000000000000000000000000000000000000000000000
801522 0000000000000000000000000000000000000000000000000000000000000000
801523 0000000000000000000000000000000000000000000000000000000000000000
801524 0000000000000000000000000000000000000000000000000000000000000000
801525 0000000000000000000000000000000000000000000000000000000000000000
801526 0000000000000000000000000000000000000000000000000000000000000000
801527 0000000000000000000000000000000000000000000000000000000000000000
801528 0000000000000000000000000000000000000000000000000000000000000000
801529 0000000000000000000000000000000000000000000000000000000000000000
801530 0000000000000000000000000000000000000000000000000000000000000000
801531 0000000000000000000000000000000000000000000000000000000000000000
801532 0000000000000000000000000000000000000000000000000000000000000000
801533 0000000000000000000000000000000000000000000000000000000000000000
801534 0000000000000000000000000000000000000000000000000000000000000000
801535 0000000000000000000000000000000000000000000000000000000000000000
801536 0000000000000000000000000000000000000000000000000000000000000000
801537 0000000000000000000000000000000000000000000000000000000000000000
801538 0000000000000000000000000000000000000000000000000000000000000000
801539 0000000000000000000000000000000000000000000000000000000000000000
801540 0000000000000000000000000000000000000000000000000000000000000000
801541 0000000000000000000000000000000000000000000000000000000000000000
801542 0000000000000000000000000000000000000000000000000000000000000000
801543 0000000000000000000000000000000000000000000000000000000000000000
801544 0000000000000000000000000000000000000000000000000000000000000000
801545 0000000000000000000000000000000000000000000000000000000000000000
801546 0000000000000000000000000000000000000000000000000000000000000000
801547 0000000000000000000000000000000000000000000000000000000000000000
801548 0000000000000000000000000000000000000000000000000000000000000000
801549 0000000000000000000000000000000000000000000000000000000000000000
801550 0000000000000000000000000000000000000000000000000000000000000000
801551 0000000000000000000000000000000000000000000000000000000000000000
801552 0000000000000000000000000000000000000000000000000000000000000000
801553 0000000000000000000000000000000000000000000000000000000000000000
801554 0000000000000000000000000000000000000000000000000000000000000000
801555 0000000000000000000000000000000000000000000000000000000000000000
801556 0000000000000000000000000000000000000000000000000000000000000000
801557 0000000000000000000000000000000000000000000000000000000000000000
801558 0000000000000000000000000000000000000000000000000000000000000000
801559 0000000000000000000000000000000000000000000000000000000000000000
801560 0000000000000000000000000000000000000000000000000000000000000000
801561 0000000000000000000000000000000000000000000000000000000000000000
801562 0000000000000000000000000000000000000000000000000000000000000000
801563 0000000000000000000000000000000000000000000000000000000000000000
801564 0000000000000000000000000000000000000000000000000000000000000000
801565 0000000000000000000000000000000000000000000000000000000000000000
801566 0000000000000000000000000000000000000000000000000000000000000000
801567 0000000000000000000000000000000000000000000000000000000000000000
801568 0000000000000000000000000000000000000000000000000000000000000000
801569 0000000000000000000000000000000000000000000000000000000000000000
801570 0000000000000000000000000000000000000000000000000000000000000000
801571 0000000000000000000000000000000000000000000000000000000000000000
801572 0000000000000000000000000000000000000000000000000000000000000000
801573 0000000000000000000000000000000000000000000000000000000000000000
801574 0000000000000000000000000000000000000000000000000000000000000000
801575 0000000000000000000000000000000000000000000000000000000000000000
801576 0000000000000000000000000000000000000000000000000000000000000000
801577 0000000000000000000000000000000000000000000000000000000000000000
801578 0000000000000000000000000000000000000000000000000000000000000000
801579 0000000000000000000000000000000000000000000000000000000000000000
801580 0000000000000000000000000000000000000000000000000000000000000000
801581 0000000000000000000000000000000000000000000000000000000000000000
801582 0000000000000000000000000000000000000000000000000000000000000000
801583 0000000000000000000000000000000000000000000000000000000000000000
801584 0000000000000000000000000000000000000000000000000000000000000000
801585 0000000000000000000000000000000000000000000000000000000000000000
801586 0000000000000000000000000000000000000000000000000000000000000000
801587 0000000000000000000000000000000000000000000000000000000000000000
801588 0000000000000000000000000000000000000000000000000000000000000000
801589 0000000000000000000000000000000000000000000000000000000000000000
801590 0000000000000000000000000000000000000000000000000000000000000000
801591 0000000000000000000000000000000000000000000000000000000000000000
801592 0000000000000000000000000000000000000000000000000000000000000000
801593 0000000000000000000000000000000000000000000000000000000000000000
801594 0000000000000000000000000000000000000000000000000000000000000000
801595 0000000000000000000000000000000000000000000000000000000000000000
801596 0000000000000000000000000000000000000000000000000000000000000000
801597 0000000000000000000000000000000000000000000000000000000000000000
801598 0000000000000000000000000000000000000000000000000000000000000000
801599 0000000000000000000000000000000000000000000000000000000000000000
801600 0000000000000000000000000000000000000000000000000000000000000000
801601 0000000000000000000000000000000000000000000000000000000000000000
801602 0000000000000000000000000000000000000000000000000000000000000000
801603 0000000000000000000000000000000000000000000000000000000000000000
801604 0000000000000000000000000000000000000000000000000000000000000000
801605 0000000000000000000000000000000000000000000000000000000000000000
801606 0000000000000000000000000000000000000000000000000000000000000000
801607 0000000000000000000000000000000000000000000000000000000000000000
801608 0000000000000000000000000000000000000000000000000000000000000000
801609 0000000000000000000000000000000000000000000000000000000000000000
801610 0000000000000000000000000000000000000000000000000000000000000000
801611 0000000000000000000000000000000000000000000000000000000000000000
801612 0000000000000000000000000000000000000000000000000000000000000000
801613 0000000000000000000000000000000000000000000000000000000000000000
801614 0000000000000000000000000000000000000000000000000000000000000000
801615 0000000000000000000000000000000000000000000000000000000000000000
801616 0000000000000000000000000000000000000000000000000000000000000000
801617 0000000000000000000000000000000000000000000000000000000000000000
801618 0000000000000000000000000000000000000000000000000000000000000000
801619 0000000000000000000000000000000000000000000000000000000000000000
801620 0000000000000000000000000000000000000000000000000000000000000000
801621 0000000000000000000000000000000000000000000000000000000000000000
801622 0000000000000000000000000000000000000000000000000000000000000000
801623 0000000000000000000000000000000000000000000000000000000000000000
801624 0000000000000000000000000000000000000000000000000000000000000000
801625 0000000000000000000000000000000000000000000000000000000000000000
801626 0000000000000000000000000000000000000000000000000000000000000000
801627 0000000000000000000000000000000000000000000000000000000000000000
801628 0000000000000000000000000000000000000000000000000000000000000000
801629 0000000000000000000000000000000000000000000000000000000000000000
801630 0000000000000000000000000000000000000000000000000000000000000000
801631 0000000000000000000000000000000000000000000000000000000000000000
801632 0000000000000000000000000000000000000000000000000000000000000000
801633 0000000000000000000000000000000000000000000000000000000000000000
801634 0000000000000000000000000000000000000000000000000000000000000000
801635 0000000000000000000000000000000000000000000000000000000000000000
801636 0000000000000000000000000000000000000000000000000000000000000000
801637 0000000000000000000000000000000000000000000000000000000000000000
801638 0000000000000000000000000000000000000000000000000000000000000000
801639 0000000000000000000000000000000000000000000000000000000000000000
801640 0000000000000000000000000000000000000000000000000000000000000000
801641 0000000000000000000000000000000000000000000000000000000000000000
801642 0000000000000000000000000000000000000000000000000000000000000000
801643 0000000000000000000000000000000000000000000000000000000000000000
801644 0000000000000000000000000000000000000000000000000000000000000000
801645 0000000000000000000000000000000000000000000000000000000000000000
801646 0000000000000000000000000000000000000000000000000000000000000000
801647 0000000000000000000000000000000000000000000000000000000000000000
801648 0000000000000000000000000000000000000000000000000000000000000000
801649 0000000000000000000000000000000000000000000000000000000000000000
801650 0000000000000000000000000000000000000000000000000000000000000000
801651 0000000000000000000000000000000000000000000000000000000000000000
801652 0000000000000000000000000000000000000000000000000000000000000000
801653 0000000000000000000000000000000000000000000000000000000000000000
801654 0000000000000000000000000000000000000000000000000000000000000000
801655 0000000000000000000000000000000000000000000000000000000000000000
801656 0000000000000000000000000000000000000000000000000000000000000000
801657 0000000000000000000000000000000000000000000000000000000000000000
801658 0000000000000000000000000000000000000000000000000000000000000000
801659 0000000000000000000000000000000000000000000000000000000000000000
801660 0000000000000000000000000000000000000000000000000000000000000000
801661 0000000000000000000000000000000000000000000000000000000000000000
801662 0000000000000000000000000000000000000000000000000000000000000000
801663 0000000000000000000000000000000000000000000000000000000000000000
801664 0000000000000000000000000000000000000000000000000000000000000000
801665 0000000000000000000000000000000000000000000000000000000000000000
801666 0000000000000000000000000000000000000000000000000000000000000000
801667 0000000000000000000000000000000000000000000000000000000000000000
801668 0000000000000000000000000000000000000000000000000000000000000000
801669 0000000000000000000000000000000000000000000000000000000000000000
801670 0000000000000000000000000000000000000000000000000000000000000000
801671 0000000000000000000000000000000000000000000000000000000000000000
801672 0000000000000000000000000000000000000000000000000000000000000000
801673 0000000000000000000000000000000000000000000000000000000000000000
801674 0000000000000000000000000000000000000000000000000000000000000000
801675 0000000000000000000000000000000000000000000000000000000000000000
801676 0000000000000000000000000000000000000000000000000000000000000000
801677 0000000000000000000000000000000000000000000000000000000000000000
801678 0000000000000000000000000000000000000000000000000000000000000000
801679 0000000000000000000000000000000000000000000000000000000000000000
801680 0000000000000000000000000000000000000000000000000000000000000000
801681 0000000000000000000000000000000000000000000000000000000000000000
801682 0000000000000000000000000000000000000000000000000000000000000000
801683 0000000000000000000000000000000000000000000000000000000000000000
801684 0000000000000000000000000000000000000000000000000000000000000000
801685 0000000000000000000000000000000000000000000000000000000000000000
801686 0000000000000000000000000000000000000000000000000000000000000000
801687 0000000000000000000000000000000000000000000000000000000000000000
801688 0000000000000000000000000000000000000000000000000000000000000000
801689 0000000000000000000000000000000000000000000000000000000000000000
801690 0000000000000000000000000000000000000000000000000000000000000000
801691 0000000000000000000000000000000000000000000000000000000000000000
801692 0000000000000000000000000000000000000000000000000000000000000000
801693 0000000000000000000000000000000000000000000000000000000000000000
801694 0000000000000000000000000000000000000000000000000000000000000000
801695 0000000000000000000000000000000000000000000000000000000000000000
801696 0000000000000000000000000000000000000000000000000000000000000000
801697 0000000000000000000000000000000000000000000000000000000000000000
801698 0000000000000000000000000000000000000000000000000000000000000000
801699 0000000000000000000000000000000000000000000000000000000000000000
801700 0000000000000000000000000000000000000000000000000000000000000000
801701 0000000000000000000000000000000000000000000000000000000000000000
801702 0000000000000000000000000000000000000000000000000000000000000000
801703 0000000000000000000000000000000000000000000000000000000000000000
801704 0000000000000000000000000000000000000000000000000000000000000000
801705 0000000000000000000000000000000000000000000000000000000000000000
801706 0000000000000000000000000000000000000000000000000000000000000000
801707 0000000000000000000000000000000000000000000000000000000000000000
801708 0000000000000000000000000000000000000000000000000000000000000000
801709 0000000000000000000000000000000000000000000000000000000000000000
801710 0000000000000000000000000000000000000000000000000000000000000000
801711 0000000000000000000000000000000000000000000000000000000000000000
801712 0000000000000000000000000000000000000000000000000000000000000000
801713 0000000000000000000000000000000000000000000000000000000000000000
801714 0000000000000000000000000000000000000000000000000000000000000000
801715 0000000000000000000000000000000000000000000000000000000000000000
801716 0000000000000000000000000000000000000000000000000000000000000000
801717 0000000000000000000000000000000000000000000000000000000000000000
801718 0000000000000000000000000000000000000000000000000000000000000000
801719 0000000000000000000000000000000000000000000000000000000000000000
801720 0000000000000000000000000000000000000000000000000000000000000000
801721 0000000000000000000000000000000000000000000000000000000000000000
801722 0000000000000000000000000000000000000000000000000000000000000000
801723 0000000000000000000000000000000000000000000000000000000000000000
801724 0000000000000000000000000000000000000000000000000000000000000000
801725 0000000000000000000000000000000000000000000000000000000000000000
801726 0000000000000000000000000000000000000000000000000000000000000000
801727 0000000000000000000000000000000000000000000000000000000000000000
