1290178 0000000000000000000000000000000000000000000000000000000000000000
1290179 0000000000000000000000000000000000000000000000000000000000000000
1290180 0000000000000000000000000000000000000000000000000000000000000000
1290181 0000000000000000000000000000000000000000000000000000000000000000
1290182 0000000000000000000000000000000000000000000000000000000000000000
1290183 0000000000000000000000000000000000000000000000000000000000000000
1290184 0000000000000000000000000000000000000000000000000000000000000000
1290185 0000000000000000000000000000000000000000000000000000000000000000
1290186 0000000000000000000000000000000000000000000000000000000000000000
1290187 0000000000000000000000000000000000000000000000000000000000000000
1290188 0000000000000000000000000000000000000000000000000000000000000000
1290189 0000000000000000000000000000000000000000000000000000000000000000
1290190 0000000000000000000000000000000000000000000000000000000000000000
1290191 0000000000000000000000000000000000000000000000000000000000000000
1290192 0000000000000000000000000000000000000000000000000000000000000000
1290193 0000000000000000000000000000000000000000000000000000000000000000
1290194 0000000000000000000000000000000000000000000000000000000000000000
1290195 0000000000000000000000000000000000000000000000000000000000000000
1290196 0000000000000000000000000000000000000000000000000000000000000000
1290197 0000000000000000000000000000000000000000000000000000000000000000
1290198 0000000000000000000000000000000000000000000000000000000000000000
1290199 0000000000000000000000000000000000000000000000000000000000000000
1290200 0000000000000000000000000000000000000000000000000000000000000000
1290201 0000000000000000000000000000000000000000000000000000000000000000
1290202 0000000000000000000000000000000000000000000000000000000000000000
1290203 0000000000000000000000000000000000000000000000000000000000000000
1290204 0000000000000000000000000000000000000000000000000000000000000000
1290205 0000000000000000000000000000000000000000000000000000000000000000
1290206 0000000000000000000000000000000000000000000000000000000000000000
1290207 0000000000000000000000000000000000000000000000000000000000000000
1290208 0000000000000000000000000000000000000000000000000000000000000000
1290209 0000000000000000000000000000000000000000000000000000000000000000
1290210 0000000000000000000000000000000000000000000000000000000000000000
1290211 0000000000000000000000000000000000000000000000000000000000000000
1290212 0000000000000000000000000000000000000000000000000000000000000000
1290213 0000000000000000000000000000000000000000000000000000000000000000
1290214 0000000000000000000000000000000000000000000000000000000000000000
1290215 0000000000000000000000000000000000000000000000000000000000000000
1290216 0000000000000000000000000000000000000000000000000000000000000000
1290217 0000000000000000000000000000000000000000000000000000000000000000
1290218 0000000000000000000000000000000000000000000000000000000000000000
1290219 0000000000000000000000000000000000000000000000000000000000000000
1290220 0000000000000000000000000000000000000000000000000000000000000000
1290221 0000000000000000000000000000000000000000000000000000000000000000
1290222 0000000000000000000000000000000000000000000000000000000000000000
1290223 0000000000000000000000000000000000000000000000000000000000000000
1290224 0000000000000000000000000000000000000000000000000000000000000000
1290225 0000000000000000000000000000000000000000000000000000000000000000
1290226 0000000000000000000000000000000000000000000000000000000000000000
1290227 0000000000000000000000000000000000000000000000000000000000000000
1290228 0000000000000000000000000000000000000000000000000000000000000000
1290229 0000000000000000000000000000000000000000000000000000000000000000
1290230 0000000000000000000000000000000000000000000000000000000000000000
1290231 0000000000000000000000000000000000000000000000000000000000000000
1290232 0000000000000000000000000000000000000000000000000000000000000000
1290233 0000000000000000000000000000000000000000000000000000000000000000
1290234 0000000000000000000000000000000000000000000000000000000000000000
1290235 0000000000000000000000000000000000000000000000000000000000000000
1290236 0000000000000000000000000000000000000000000000000000000000000000
1290237 0000000000000000000000000000000000000000000000000000000000000000
1290238 0000000000000000000000000000000000000000000000000000000000000000
1290239 0000000000000000000000000000000000000000000000000000000000000000
1290240 0000000000000000000000000000000000000000000000000000000000000000
1290241 0000000000000000000000000000000000000000000000000000000000000000
1290242 0000000000000000000000000000000000000000000000000000000000000000
1290243 0000000000000000000000000000000000000000000000000000000000000000
1290244 0000000000000000000000000000000000000000000000000000000000000000
1290245 0000000000000000000000000000000000000000000000000000000000000000
1290246 0000000000000000000000000000000000000000000000000000000000000000
1290247 0000000000000000000000000000000000000000000000000000000000000000
1290248 0000000000000000000000000000000000000000000000000000000000000000
1290249 0000000000000000000000000000000000000000000000000000000000000000
1290250 0000000000000000000000000000000000000000000000000000000000000000
1290251 0000000000000000000000000000000000000000000000000000000000000000
1290252 0000000000000000000000000000000000000000000000000000000000000000
1290253 0000000000000000000000000000000000000000000000000000000000000000
1290254 0000000000000000000000000000000000000000000000000000000000000000
1290255 0000000000000000000000000000000000000000000000000000000000000000
1290256 0000000000000000000000000000000000000000000000000000000000000000
1290257 0000000000000000000000000000000000000000000000000000000000000000
1290258 0000000000000000000000000000000000000000000000000000000000000000
1290259 0000000000000000000000000000000000000000000000000000000000000000
1290260 0000000000000000000000000000000000000000000000000000000000000000
1290261 0000000000000000000000000000000000000000000000000000000000000000
1290262 0000000000000000000000000000000000000000000000000000000000000000
1290263 0000000000000000000000000000000000000000000000000000000000000000
1290264 0000000000000000000000000000000000000000000000000000000000000000
1290265 0000000000000000000000000000000000000000000000000000000000000000
1290266 0000000000000000000000000000000000000000000000000000000000000000
1290267 0000000000000000000000000000000000000000000000000000000000000000
1290268 0000000000000000000000000000000000000000000000000000000000000000
1290269 0000000000000000000000000000000000000000000000000000000000000000
1290270 0000000000000000000000000000000000000000000000000000000000000000
1290271 0000000000000000000000000000000000000000000000000000000000000000
1290272 0000000000000000000000000000000000000000000000000000000000000000
1290273 0000000000000000000000000000000000000000000000000000000000000000
1290274 0000000000000000000000000000000000000000000000000000000000000000
1290275 0000000000000000000000000000000000000000000000000000000000000000
1290276 0000000000000000000000000000000000000000000000000000000000000000
1290277 0000000000000000000000000000000000000000000000000000000000000000
1290278 0000000000000000000000000000000000000000000000000000000000000000
1290279 0000000000000000000000000000000000000000000000000000000000000000
1290280 0000000000000000000000000000000000000000000000000000000000000000
1290281 0000000000000000000000000000000000000000000000000000000000000000
1290282 0000000000000000000000000000000000000000000000000000000000000000
1290283 0000000000000000000000000000000000000000000000000000000000000000
1290284 0000000000000000000000000000000000000000000000000000000000000000
1290285 0000000000000000000000000000000000000000000000000000000000000000
1290286 0000000000000000000000000000000000000000000000000000000000000000
1290287 0000000000000000000000000000000000000000000000000000000000000000
1290288 0000000000000000000000000000000000000000000000000000000000000000
1290289 0000000000000000000000000000000000000000000000000000000000000000
1290290 0000000000000000000000000000000000000000000000000000000000000000
1290291 0000000000000000000000000000000000000000000000000000000000000000
1290292 0000000000000000000000000000000000000000000000000000000000000000
1290293 0000000000000000000000000000000000000000000000000000000000000000
1290294 0000000000000000000000000000000000000000000000000000000000000000
1290295 0000000000000000000000000000000000000000000000000000000000000000
1290296 0000000000000000000000000000000000000000000000000000000000000000
1290297 0000000000000000000000000000000000000000000000000000000000000000
1290298 0000000000000000000000000000000000000000000000000000000000000000
1290299 0000000000000000000000000000000000000000000000000000000000000000
1290300 0000000000000000000000000000000000000000000000000000000000000000
1290301 0000000000000000000000000000000000000000000000000000000000000000
1290302 0000000000000000000000000000000000000000000000000000000000000000
1290303 0000000000000000000000000000000000000000000000000000000000000000
1290304 0000000000000000000000000000000000000000000000000000000000000000
1290305 0000000000000000000000000000000000000000000000000000000000000000
1290306 0000000000000000000000000000000000000000000000000000000000000000
1290307 0000000000000000000000000000000000000000000000000000000000000000
1290308 0000000000000000000000000000000000000000000000000000000000000000
1290309 0000000000000000000000000000000000000000000000000000000000000000
1290310 0000000000000000000000000000000000000000000000000000000000000000
1290311 0000000000000000000000000000000000000000000000000000000000000000
1290312 0000000000000000000000000000000000000000000000000000000000000000
1290313 0000000000000000000000000000000000000000000000000000000000000000
1290314 0000000000000000000000000000000000000000000000000000000000000000
1290315 0000000000000000000000000000000000000000000000000000000000000000
1290316 0000000000000000000000000000000000000000000000000000000000000000
1290317 0000000000000000000000000000000000000000000000000000000000000000
1290318 0000000000000000000000000000000000000000000000000000000000000000
1290319 0000000000000000000000000000000000000000000000000000000000000000
1290320 0000000000000000000000000000000000000000000000000000000000000000
1290321 0000000000000000000000000000000000000000000000000000000000000000
1290322 0000000000000000000000000000000000000000000000000000000000000000
1290323 0000000000000000000000000000000000000000000000000000000000000000
1290324 0000000000000000000000000000000000000000000000000000000000000000
1290325 0000000000000000000000000000000000000000000000000000000000000000
1290326 0000000000000000000000000000000000000000000000000000000000000000
1290327 0000000000000000000000000000000000000000000000000000000000000000
1290328 0000000000000000000000000000000000000000000000000000000000000000
1290329 0000000000000000000000000000000000000000000000000000000000000000
1290330 0000000000000000000000000000000000000000000000000000000000000000
1290331 0000000000000000000000000000000000000000000000000000000000000000
1290332 0000000000000000000000000000000000000000000000000000000000000000
1290333 0000000000000000000000000000000000000000000000000000000000000000
1290334 0000000000000000000000000000000000000000000000000000000000000000
1290335 0000000000000000000000000000000000000000000000000000000000000000
1290336 0000000000000000000000000000000000000000000000000000000000000000
1290337 0000000000000000000000000000000000000000000000000000000000000000
1290338 0000000000000000000000000000000000000000000000000000000000000000
1290339 0000000000000000000000000000000000000000000000000000000000000000
1290340 0000000000000000000000000000000000000000000000000000000000000000
1290341 0000000000000000000000000000000000000000000000000000000000000000
1290342 0000000000000000000000000000000000000000000000000000000000000000
1290343 0000000000000000000000000000000000000000000000000000000000000000
1290344 0000000000000000000000000000000000000000000000000000000000000000
1290345 0000000000000000000000000000000000000000000000000000000000000000
1290346 0000000000000000000000000000000000000000000000000000000000000000
1290347 0000000000000000000000000000000000000000000000000000000000000000
1290348 0000000000000000000000000000000000000000000000000000000000000000
1290349 0000000000000000000000000000000000000000000000000000000000000000
1290350 0000000000000000000000000000000000000000000000000000000000000000
1290351 0000000000000000000000000000000000000000000000000000000000000000
1290352 0000000000000000000000000000000000000000000000000000000000000000
1290353 0000000000000000000000000000000000000000000000000000000000000000
1290354 0000000000000000000000000000000000000000000000000000000000000000
1290355 0000000000000000000000000000000000000000000000000000000000000000
1290356 0000000000000000000000000000000000000000000000000000000000000000
1290357 0000000000000000000000000000000000000000000000000000000000000000
1290358 0000000000000000000000000000000000000000000000000000000000000000
1290359 0000000000000000000000000000000000000000000000000000000000000000
1290360 0000000000000000000000000000000000000000000000000000000000000000
1290361 0000000000000000000000000000000000000000000000000000000000000000
1290362 0000000000000000000000000000000000000000000000000000000000000000
1290363 0000000000000000000000000000000000000000000000000000000000000000
1290364 0000000000000000000000000000000000000000000000000000000000000000
1290365 0000000000000000000000000000000000000000000000000000000000000000
1290366 0000000000000000000000000000000000000000000000000000000000000000
1290367 0000000000000000000000000000000000000000000000000000000000000000
1290368 0000000000000000000000000000000000000000000000000000000000000000
1290369 0000000000000000000000000000000000000000000000000000000000000000
1290370 0000000000000000000000000000000000000000000000000000000000000000
1290371 0000000000000000000000000000000000000000000000000000000000000000
1290372 0000000000000000000000000000000000000000000000000000000000000000
1290373 0000000000000000000000000000000000000000000000000000000000000000
1290374 0000000000000000000000000000000000000000000000000000000000000000
1290375 0000000000000000000000000000000000000000000000000000000000000000
1290376 0000000000000000000000000000000000000000000000000000000000000000
1290377 0000000000000000000000000000000000000000000000000000000000000000
1290378 0000000000000000000000000000000000000000000000000000000000000000
1290379 0000000000000000000000000000000000000000000000000000000000000000
1290380 0000000000000000000000000000000000000000000000000000000000000000
1290381 0000000000000000000000000000000000000000000000000000000000000000
1290382 0000000000000000000000000000000000000000000000000000000000000000
1290383 0000000000000000000000000000000000000000000000000000000000000000
1290384 0000000000000000000000000000000000000000000000000000000000000000
1290385 0000000000000000000000000000000000000000000000000000000000000000
1290386 0000000000000000000000000000000000000000000000000000000000000000
1290387 0000000000000000000000000000000000000000000000000000000000000000
1290388 0000000000000000000000000000000000000000000000000000000000000000
1290389 0000000000000000000000000000000000000000000000000000000000000000
1290390 0000000000000000000000000000000000000000000000000000000000000000
1290391 0000000000000000000000000000000000000000000000000000000000000000
1290392 0000000000000000000000000000000000000000000000000000000000000000
1290393 0000000000000000000000000000000000000000000000000000000000000000
1290394 0000000000000000000000000000000000000000000000000000000000000000
1290395 0000000000000000000000000000000000000000000000000000000000000000
1290396 0000000000000000000000000000000000000000000000000000000000000000
1290397 0000000000000000000000000000000000000000000000000000000000000000
1290398 0000000000000000000000000000000000000000000000000000000000000000
1290399 0000000000000000000000000000000000000000000000000000000000000000
1290400 0000000000000000000000000000000000000000000000000000000000000000
1290401 0000000000000000000000000000000000000000000000000000000000000000
1290402 0000000000000000000000000000000000000000000000000000000000000000
1290403 0000000000000000000000000000000000000000000000000000000000000000
1290404 0000000000000000000000000000000000000000000000000000000000000000
1290405 0000000000000000000000000000000000000000000000000000000000000000
1290406 0000000000000000000000000000000000000000000000000000000000000000
1290407 0000000000000000000000000000000000000000000000000000000000000000
1290408 0000000000000000000000000000000000000000000000000000000000000000
1290409 0000000000000000000000000000000000000000000000000000000000000000
1290410 0000000000000000000000000000000000000000000000000000000000000000
1290411 0000000000000000000000000000000000000000000000000000000000000000
1290412 0000000000000000000000000000000000000000000000000000000000000000
1290413 0000000000000000000000000000000000000000000000000000000000000000
1290414 0000000000000000000000000000000000000000000000000000000000000000
1290415 0000000000000000000000000000000000000000000000000000000000000000
1290416 0000000000000000000000000000000000000000000000000000000000000000
1290417 0000000000000000000000000000000000000000000000000000000000000000
1290418 0000000000000000000000000000000000000000000000000000000000000000
1290419 0000000000000000000000000000000000000000000000000000000000000000
1290420 0000000000000000000000000000000000000000000000000000000000000000
1290421 0000000000000000000000000000000000000000000000000000000000000000
1290422 0000000000000000000000000000000000000000000000000000000000000000
1290423 0000000000000000000000000000000000000000000000000000000000000000
1290424 0000000000000000000000000000000000000000000000000000000000000000
1290425 0000000000000000000000000000000000000000000000000000000000000000
1290426 0000000000000000000000000000000000000000000000000000000000000000
1290427 0000000000000000000000000000000000000000000000000000000000000000
1290428 0000000000000000000000000000000000000000000000000000000000000000
1290429 0000000000000000000000000000000000000000000000000000000000000000
1290430 0000000000000000000000000000000000000000000000000000000000000000
1290431 0000000000000000000000000000000000000000000000000000000000000000
1290432 0000000000000000000000000000000000000000000000000000000000000000
1290433 0000000000000000000000000000000000000000000000000000000000000000
1290434 0000000000000000000000000000000000000000000000000000000000000000
1290435 0000000000000000000000000000000000000000000000000000000000000000
1290436 0000000000000000000000000000000000000000000000000000000000000000
1290437 0000000000000000000000000000000000000000000000000000000000000000
1290438 0000000000000000000000000000000000000000000000000000000000000000
1290439 0000000000000000000000000000000000000000000000000000000000000000
1290440 0000000000000000000000000000000000000000000000000000000000000000
1290441 0000000000000000000000000000000000000000000000000000000000000000
1290442 0000000000000000000000000000000000000000000000000000000000000000
1290443 0000000000000000000000000000000000000000000000000000000000000000
1290444 0000000000000000000000000000000000000000000000000000000000000000
1290445 0000000000000000000000000000000000000000000000000000000000000000
1290446 0000000000000000000000000000000000000000000000000000000000000000
1290447 0000000000000000000000000000000000000000000000000000000000000000
1290448 0000000000000000000000000000000000000000000000000000000000000000
1290449 0000000000000000000000000000000000000000000000000000000000000000
1290450 0000000000000000000000000000000000000000000000000000000000000000
1290451 0000000000000000000000000000000000000000000000000000000000000000
1290452 0000000000000000000000000000000000000000000000000000000000000000
1290453 0000000000000000000000000000000000000000000000000000000000000000
1290454 0000000000000000000000000000000000000000000000000000000000000000
1290455 0000000000000000000000000000000000000000000000000000000000000000
1290456 0000000000000000000000000000000000000000000000000000000000000000
1290457 0000000000000000000000000000000000000000000000000000000000000000
1290458 0000000000000000000000000000000000000000000000000000000000000000
1290459 0000000000000000000000000000000000000000000000000000000000000000
1290460 0000000000000000000000000000000000000000000000000000000000000000
1290461 0000000000000000000000000000000000000000000000000000000000000000
1290462 0000000000000000000000000000000000000000000000000000000000000000
1290463 0000000000000000000000000000000000000000000000000000000000000000
1290464 0000000000000000000000000000000000000000000000000000000000000000
1290465 0000000000000000000000000000000000000000000000000000000000000000
1290466 0000000000000000000000000000000000000000000000000000000000000000
1290467 0000000000000000000000000000000000000000000000000000000000000000
1290468 0000000000000000000000000000000000000000000000000000000000000000
1290469 0000000000000000000000000000000000000000000000000000000000000000
1290470 0000000000000000000000000000000000000000000000000000000000000000
1290471 0000000000000000000000000000000000000000000000000000000000000000
1290472 0000000000000000000000000000000000000000000000000000000000000000
1290473 0000000000000000000000000000000000000000000000000000000000000000
1290474 0000000000000000000000000000000000000000000000000000000000000000
1290475 0000000000000000000000000000000000000000000000000000000000000000
1290476 0000000000000000000000000000000000000000000000000000000000000000
1290477 0000000000000000000000000000000000000000000000000000000000000000
1290478 0000000000000000000000000000000000000000000000000000000000000000
1290479 0000000000000000000000000000000000000000000000000000000000000000
1290480 0000000000000000000000000000000000000000000000000000000000000000
1290481 0000000000000000000000000000000000000000000000000000000000000000
1290482 0000000000000000000000000000000000000000000000000000000000000000
1290483 0000000000000000000000000000000000000000000000000000000000000000
1290484 0000000000000000000000000000000000000000000000000000000000000000
1290485 0000000000000000000000000000000000000000000000000000000000000000
1290486 0000000000000000000000000000000000000000000000000000000000000000
1290487 0000000000000000000000000000000000000000000000000000000000000000
1290488 0000000000000000000000000000000000000000000000000000000000000000
1290489 0000000000000000000000000000000000000000000000000000000000000000
1290490 0000000000000000000000000000000000000000000000000000000000000000
1290491 0000000000000000000000000000000000000000000000000000000000000000
1290492 0000000000000000000000000000000000000000000000000000000000000000
1290493 0000000000000000000000000000000000000000000000000000000000000000
1290494 0000000000000000000000000000000000000000000000000000000000000000
1290495 0000000000000000000000000000000000000000000000000000000000000000
1290496 0000000000000000000000000000000000000000000000000000000000000000
1290497 0000000000000000000000000000000000000000000000000000000000000000
1290498 0000000000000000000000000000000000000000000000000000000000000000
1290499 0000000000000000000000000000000000000000000000000000000000000000
1290500 0000000000000000000000000000000000000000000000000000000000000000
1290501 0000000000000000000000000000000000000000000000000000000000000000
1290502 0000000000000000000000000000000000000000000000000000000000000000
1290503 0000000000000000000000000000000000000000000000000000000000000000
1290504 0000000000000000000000000000000000000000000000000000000000000000
1290505 0000000000000000000000000000000000000000000000000000000000000000
1290506 0000000000000000000000000000000000000000000000000000000000000000
1290507 0000000000000000000000000000000000000000000000000000000000000000
1290508 0000000000000000000000000000000000000000000000000000000000000000
1290509 0000000000000000000000000000000000000000000000000000000000000000
1290510 0000000000000000000000000000000000000000000000000000000000000000
1290511 0000000000000000000000000000000000000000000000000000000000000000
1290512 0000000000000000000000000000000000000000000000000000000000000000
1290513 0000000000000000000000000000000000000000000000000000000000000000
1290514 0000000000000000000000000000000000000000000000000000000000000000
1290515 0000000000000000000000000000000000000000000000000000000000000000
1290516 0000000000000000000000000000000000000000000000000000000000000000
1290517 0000000000000000000000000000000000000000000000000000000000000000
1290518 0000000000000000000000000000000000000000000000000000000000000000
1290519 0000000000000000000000000000000000000000000000000000000000000000
1290520 0000000000000000000000000000000000000000000000000000000000000000
1290521 0000000000000000000000000000000000000000000000000000000000000000
1290522 0000000000000000000000000000000000000000000000000000000000000000
1290523 0000000000000000000000000000000000000000000000000000000000000000
1290524 0000000000000000000000000000000000000000000000000000000000000000
1290525 0000000000000000000000000000000000000000000000000000000000000000
1290526 0000000000000000000000000000000000000000000000000000000000000000
1290527 0000000000000000000000000000000000000000000000000000000000000000
1290528 0000000000000000000000000000000000000000000000000000000000000000
1290529 0000000000000000000000000000000000000000000000000000000000000000
1290530 0000000000000000000000000000000000000000000000000000000000000000
1290531 0000000000000000000000000000000000000000000000000000000000000000
1290532 0000000000000000000000000000000000000000000000000000000000000000
1290533 0000000000000000000000000000000000000000000000000000000000000000
1290534 0000000000000000000000000000000000000000000000000000000000000000
1290535 0000000000000000000000000000000000000000000000000000000000000000
1290536 0000000000000000000000000000000000000000000000000000000000000000
1290537 0000000000000000000000000000000000000000000000000000000000000000
1290538 0000000000000000000000000000000000000000000000000000000000000000
1290539 0000000000000000000000000000000000000000000000000000000000000000
1290540 0000000000000000000000000000000000000000000000000000000000000000
1290541 0000000000000000000000000000000000000000000000000000000000000000
1290542 0000000000000000000000000000000000000000000000000000000000000000
1290543 0000000000000000000000000000000000000000000000000000000000000000
1290544 0000000000000000000000000000000000000000000000000000000000000000
1290545 0000000000000000000000000000000000000000000000000000000000000000
1290546 0000000000000000000000000000000000000000000000000000000000000000
1290547 0000000000000000000000000000000000000000000000000000000000000000
1290548 0000000000000000000000000000000000000000000000000000000000000000
1290549 0000000000000000000000000000000000000000000000000000000000000000
1290550 0000000000000000000000000000000000000000000000000000000000000000
1290551 0000000000000000000000000000000000000000000000000000000000000000
1290552 0000000000000000000000000000000000000000000000000000000000000000
1290553 0000000000000000000000000000000000000000000000000000000000000000
1290554 0000000000000000000000000000000000000000000000000000000000000000
1290555 0000000000000000000000000000000000000000000000000000000000000000
1290556 0000000000000000000000000000000000000000000000000000000000000000
1290557 0000000000000000000000000000000000000000000000000000000000000000
1290558 0000000000000000000000000000000000000000000000000000000000000000
1290559 0000000000000000000000000000000000000000000000000000000000000000
1290560 0000000000000000000000000000000000000000000000000000000000000000
1290561 0000000000000000000000000000000000000000000000000000000000000000
1290562 0000000000000000000000000000000000000000000000000000000000000000
1290563 0000000000000000000000000000000000000000000000000000000000000000
1290564 0000000000000000000000000000000000000000000000000000000000000000
1290565 0000000000000000000000000000000000000000000000000000000000000000
1290566 0000000000000000000000000000000000000000000000000000000000000000
1290567 0000000000000000000000000000000000000000000000000000000000000000
1290568 0000000000000000000000000000000000000000000000000000000000000000
1290569 0000000000000000000000000000000000000000000000000000000000000000
1290570 0000000000000000000000000000000000000000000000000000000000000000
1290571 0000000000000000000000000000000000000000000000000000000000000000
1290572 0000000000000000000000000000000000000000000000000000000000000000
1290573 0000000000000000000000000000000000000000000000000000000000000000
1290574 0000000000000000000000000000000000000000000000000000000000000000
1290575 0000000000000000000000000000000000000000000000000000000000000000
1290576 0000000000000000000000000000000000000000000000000000000000000000
1290577 0000000000000000000000000000000000000000000000000000000000000000
