1127278 0000000000000000000000000000000000000000000000000000000000000000
1127279 0000000000000000000000000000000000000000000000000000000000000000
1127280 0000000000000000000000000000000000000000000000000000000000000000
1127281 0000000000000000000000000000000000000000000000000000000000000000
1127282 0000000000000000000000000000000000000000000000000000000000000000
1127283 0000000000000000000000000000000000000000000000000000000000000000
1127284 0000000000000000000000000000000000000000000000000000000000000000
1127285 0000000000000000000000000000000000000000000000000000000000000000
1127286 0000000000000000000000000000000000000000000000000000000000000000
1127287 0000000000000000000000000000000000000000000000000000000000000000
1127288 0000000000000000000000000000000000000000000000000000000000000000
1127289 0000000000000000000000000000000000000000000000000000000000000000
1127290 0000000000000000000000000000000000000000000000000000000000000000
1127291 0000000000000000000000000000000000000000000000000000000000000000
1127292 0000000000000000000000000000000000000000000000000000000000000000
1127293 0000000000000000000000000000000000000000000000000000000000000000
1127294 0000000000000000000000000000000000000000000000000000000000000000
1127295 0000000000000000000000000000000000000000000000000000000000000000
1127296 0000000000000000000000000000000000000000000000000000000000000000
1127297 0000000000000000000000000000000000000000000000000000000000000000
1127298 0000000000000000000000000000000000000000000000000000000000000000
1127299 0000000000000000000000000000000000000000000000000000000000000000
1127300 0000000000000000000000000000000000000000000000000000000000000000
1127301 0000000000000000000000000000000000000000000000000000000000000000
1127302 0000000000000000000000000000000000000000000000000000000000000000
1127303 0000000000000000000000000000000000000000000000000000000000000000
1127304 0000000000000000000000000000000000000000000000000000000000000000
1127305 0000000000000000000000000000000000000000000000000000000000000000
1127306 0000000000000000000000000000000000000000000000000000000000000000
1127307 0000000000000000000000000000000000000000000000000000000000000000
1127308 0000000000000000000000000000000000000000000000000000000000000000
1127309 0000000000000000000000000000000000000000000000000000000000000000
1127310 0000000000000000000000000000000000000000000000000000000000000000
1127311 0000000000000000000000000000000000000000000000000000000000000000
1127312 0000000000000000000000000000000000000000000000000000000000000000
1127313 0000000000000000000000000000000000000000000000000000000000000000
1127314 0000000000000000000000000000000000000000000000000000000000000000
1127315 0000000000000000000000000000000000000000000000000000000000000000
1127316 0000000000000000000000000000000000000000000000000000000000000000
1127317 0000000000000000000000000000000000000000000000000000000000000000
1127318 0000000000000000000000000000000000000000000000000000000000000000
1127319 0000000000000000000000000000000000000000000000000000000000000000
1127320 0000000000000000000000000000000000000000000000000000000000000000
1127321 0000000000000000000000000000000000000000000000000000000000000000
1127322 0000000000000000000000000000000000000000000000000000000000000000
1127323 0000000000000000000000000000000000000000000000000000000000000000
1127324 0000000000000000000000000000000000000000000000000000000000000000
1127325 0000000000000000000000000000000000000000000000000000000000000000
1127326 0000000000000000000000000000000000000000000000000000000000000000
1127327 0000000000000000000000000000000000000000000000000000000000000000
1127328 0000000000000000000000000000000000000000000000000000000000000000
1127329 0000000000000000000000000000000000000000000000000000000000000000
1127330 0000000000000000000000000000000000000000000000000000000000000000
1127331 0000000000000000000000000000000000000000000000000000000000000000
1127332 0000000000000000000000000000000000000000000000000000000000000000
1127333 0000000000000000000000000000000000000000000000000000000000000000
1127334 0000000000000000000000000000000000000000000000000000000000000000
1127335 0000000000000000000000000000000000000000000000000000000000000000
1127336 0000000000000000000000000000000000000000000000000000000000000000
1127337 0000000000000000000000000000000000000000000000000000000000000000
1127338 0000000000000000000000000000000000000000000000000000000000000000
1127339 0000000000000000000000000000000000000000000000000000000000000000
1127340 0000000000000000000000000000000000000000000000000000000000000000
1127341 0000000000000000000000000000000000000000000000000000000000000000
1127342 0000000000000000000000000000000000000000000000000000000000000000
1127343 0000000000000000000000000000000000000000000000000000000000000000
1127344 0000000000000000000000000000000000000000000000000000000000000000
1127345 0000000000000000000000000000000000000000000000000000000000000000
1127346 0000000000000000000000000000000000000000000000000000000000000000
1127347 0000000000000000000000000000000000000000000000000000000000000000
1127348 0000000000000000000000000000000000000000000000000000000000000000
1127349 0000000000000000000000000000000000000000000000000000000000000000
1127350 0000000000000000000000000000000000000000000000000000000000000000
1127351 0000000000000000000000000000000000000000000000000000000000000000
1127352 0000000000000000000000000000000000000000000000000000000000000000
1127353 0000000000000000000000000000000000000000000000000000000000000000
1127354 0000000000000000000000000000000000000000000000000000000000000000
1127355 0000000000000000000000000000000000000000000000000000000000000000
1127356 0000000000000000000000000000000000000000000000000000000000000000
1127357 0000000000000000000000000000000000000000000000000000000000000000
1127358 0000000000000000000000000000000000000000000000000000000000000000
1127359 0000000000000000000000000000000000000000000000000000000000000000
1127360 0000000000000000000000000000000000000000000000000000000000000000
1127361 0000000000000000000000000000000000000000000000000000000000000000
1127362 0000000000000000000000000000000000000000000000000000000000000000
1127363 0000000000000000000000000000000000000000000000000000000000000000
1127364 0000000000000000000000000000000000000000000000000000000000000000
1127365 0000000000000000000000000000000000000000000000000000000000000000
1127366 0000000000000000000000000000000000000000000000000000000000000000
1127367 0000000000000000000000000000000000000000000000000000000000000000
1127368 0000000000000000000000000000000000000000000000000000000000000000
1127369 0000000000000000000000000000000000000000000000000000000000000000
1127370 0000000000000000000000000000000000000000000000000000000000000000
1127371 0000000000000000000000000000000000000000000000000000000000000000
1127372 0000000000000000000000000000000000000000000000000000000000000000
1127373 0000000000000000000000000000000000000000000000000000000000000000
1127374 0000000000000000000000000000000000000000000000000000000000000000
1127375 0000000000000000000000000000000000000000000000000000000000000000
1127376 0000000000000000000000000000000000000000000000000000000000000000
1127377 0000000000000000000000000000000000000000000000000000000000000000
1127378 0000000000000000000000000000000000000000000000000000000000000000
1127379 0000000000000000000000000000000000000000000000000000000000000000
1127380 0000000000000000000000000000000000000000000000000000000000000000
1127381 0000000000000000000000000000000000000000000000000000000000000000
1127382 0000000000000000000000000000000000000000000000000000000000000000
1127383 0000000000000000000000000000000000000000000000000000000000000000
1127384 0000000000000000000000000000000000000000000000000000000000000000
1127385 0000000000000000000000000000000000000000000000000000000000000000
1127386 0000000000000000000000000000000000000000000000000000000000000000
1127387 0000000000000000000000000000000000000000000000000000000000000000
1127388 0000000000000000000000000000000000000000000000000000000000000000
1127389 0000000000000000000000000000000000000000000000000000000000000000
1127390 0000000000000000000000000000000000000000000000000000000000000000
1127391 0000000000000000000000000000000000000000000000000000000000000000
1127392 0000000000000000000000000000000000000000000000000000000000000000
1127393 0000000000000000000000000000000000000000000000000000000000000000
1127394 0000000000000000000000000000000000000000000000000000000000000000
1127395 0000000000000000000000000000000000000000000000000000000000000000
1127396 0000000000000000000000000000000000000000000000000000000000000000
1127397 0000000000000000000000000000000000000000000000000000000000000000
1127398 0000000000000000000000000000000000000000000000000000000000000000
1127399 0000000000000000000000000000000000000000000000000000000000000000
1127400 0000000000000000000000000000000000000000000000000000000000000000
1127401 0000000000000000000000000000000000000000000000000000000000000000
1127402 0000000000000000000000000000000000000000000000000000000000000000
1127403 0000000000000000000000000000000000000000000000000000000000000000
1127404 0000000000000000000000000000000000000000000000000000000000000000
1127405 0000000000000000000000000000000000000000000000000000000000000000
1127406 0000000000000000000000000000000000000000000000000000000000000000
1127407 0000000000000000000000000000000000000000000000000000000000000000
1127408 0000000000000000000000000000000000000000000000000000000000000000
1127409 0000000000000000000000000000000000000000000000000000000000000000
1127410 0000000000000000000000000000000000000000000000000000000000000000
1127411 0000000000000000000000000000000000000000000000000000000000000000
1127412 0000000000000000000000000000000000000000000000000000000000000000
1127413 0000000000000000000000000000000000000000000000000000000000000000
1127414 0000000000000000000000000000000000000000000000000000000000000000
1127415 0000000000000000000000000000000000000000000000000000000000000000
1127416 0000000000000000000000000000000000000000000000000000000000000000
1127417 0000000000000000000000000000000000000000000000000000000000000000
1127418 0000000000000000000000000000000000000000000000000000000000000000
1127419 0000000000000000000000000000000000000000000000000000000000000000
1127420 0000000000000000000000000000000000000000000000000000000000000000
1127421 0000000000000000000000000000000000000000000000000000000000000000
1127422 0000000000000000000000000000000000000000000000000000000000000000
1127423 0000000000000000000000000000000000000000000000000000000000000000
1127424 0000000000000000000000000000000000000000000000000000000000000000
1127425 0000000000000000000000000000000000000000000000000000000000000000
1127426 0000000000000000000000000000000000000000000000000000000000000000
1127427 0000000000000000000000000000000000000000000000000000000000000000
1127428 0000000000000000000000000000000000000000000000000000000000000000
1127429 0000000000000000000000000000000000000000000000000000000000000000
1127430 0000000000000000000000000000000000000000000000000000000000000000
1127431 0000000000000000000000000000000000000000000000000000000000000000
1127432 0000000000000000000000000000000000000000000000000000000000000000
1127433 0000000000000000000000000000000000000000000000000000000000000000
1127434 0000000000000000000000000000000000000000000000000000000000000000
1127435 0000000000000000000000000000000000000000000000000000000000000000
1127436 0000000000000000000000000000000000000000000000000000000000000000
1127437 0000000000000000000000000000000000000000000000000000000000000000
1127438 0000000000000000000000000000000000000000000000000000000000000000
1127439 0000000000000000000000000000000000000000000000000000000000000000
1127440 0000000000000000000000000000000000000000000000000000000000000000
1127441 0000000000000000000000000000000000000000000000000000000000000000
1127442 0000000000000000000000000000000000000000000000000000000000000000
1127443 0000000000000000000000000000000000000000000000000000000000000000
1127444 0000000000000000000000000000000000000000000000000000000000000000
1127445 0000000000000000000000000000000000000000000000000000000000000000
1127446 0000000000000000000000000000000000000000000000000000000000000000
1127447 0000000000000000000000000000000000000000000000000000000000000000
1127448 0000000000000000000000000000000000000000000000000000000000000000
1127449 0000000000000000000000000000000000000000000000000000000000000000
1127450 0000000000000000000000000000000000000000000000000000000000000000
1127451 0000000000000000000000000000000000000000000000000000000000000000
1127452 0000000000000000000000000000000000000000000000000000000000000000
1127453 0000000000000000000000000000000000000000000000000000000000000000
1127454 0000000000000000000000000000000000000000000000000000000000000000
1127455 0000000000000000000000000000000000000000000000000000000000000000
1127456 0000000000000000000000000000000000000000000000000000000000000000
1127457 0000000000000000000000000000000000000000000000000000000000000000
1127458 0000000000000000000000000000000000000000000000000000000000000000
1127459 0000000000000000000000000000000000000000000000000000000000000000
1127460 0000000000000000000000000000000000000000000000000000000000000000
1127461 0000000000000000000000000000000000000000000000000000000000000000
1127462 0000000000000000000000000000000000000000000000000000000000000000
1127463 0000000000000000000000000000000000000000000000000000000000000000
1127464 0000000000000000000000000000000000000000000000000000000000000000
1127465 0000000000000000000000000000000000000000000000000000000000000000
1127466 0000000000000000000000000000000000000000000000000000000000000000
1127467 0000000000000000000000000000000000000000000000000000000000000000
1127468 0000000000000000000000000000000000000000000000000000000000000000
1127469 0000000000000000000000000000000000000000000000000000000000000000
1127470 0000000000000000000000000000000000000000000000000000000000000000
1127471 0000000000000000000000000000000000000000000000000000000000000000
1127472 0000000000000000000000000000000000000000000000000000000000000000
1127473 0000000000000000000000000000000000000000000000000000000000000000
1127474 0000000000000000000000000000000000000000000000000000000000000000
1127475 0000000000000000000000000000000000000000000000000000000000000000
1127476 0000000000000000000000000000000000000000000000000000000000000000
1127477 0000000000000000000000000000000000000000000000000000000000000000
1127478 0000000000000000000000000000000000000000000000000000000000000000
1127479 0000000000000000000000000000000000000000000000000000000000000000
1127480 0000000000000000000000000000000000000000000000000000000000000000
1127481 0000000000000000000000000000000000000000000000000000000000000000
1127482 0000000000000000000000000000000000000000000000000000000000000000
1127483 0000000000000000000000000000000000000000000000000000000000000000
1127484 0000000000000000000000000000000000000000000000000000000000000000
1127485 0000000000000000000000000000000000000000000000000000000000000000
1127486 0000000000000000000000000000000000000000000000000000000000000000
1127487 0000000000000000000000000000000000000000000000000000000000000000
1127488 0000000000000000000000000000000000000000000000000000000000000000
1127489 0000000000000000000000000000000000000000000000000000000000000000
1127490 0000000000000000000000000000000000000000000000000000000000000000
1127491 0000000000000000000000000000000000000000000000000000000000000000
1127492 0000000000000000000000000000000000000000000000000000000000000000
1127493 0000000000000000000000000000000000000000000000000000000000000000
1127494 0000000000000000000000000000000000000000000000000000000000000000
1127495 0000000000000000000000000000000000000000000000000000000000000000
1127496 0000000000000000000000000000000000000000000000000000000000000000
1127497 0000000000000000000000000000000000000000000000000000000000000000
1127498 0000000000000000000000000000000000000000000000000000000000000000
1127499 0000000000000000000000000000000000000000000000000000000000000000
1127500 0000000000000000000000000000000000000000000000000000000000000000
1127501 0000000000000000000000000000000000000000000000000000000000000000
1127502 0000000000000000000000000000000000000000000000000000000000000000
1127503 0000000000000000000000000000000000000000000000000000000000000000
1127504 0000000000000000000000000000000000000000000000000000000000000000
1127505 0000000000000000000000000000000000000000000000000000000000000000
1127506 0000000000000000000000000000000000000000000000000000000000000000
1127507 0000000000000000000000000000000000000000000000000000000000000000
1127508 0000000000000000000000000000000000000000000000000000000000000000
1127509 0000000000000000000000000000000000000000000000000000000000000000
1127510 0000000000000000000000000000000000000000000000000000000000000000
1127511 0000000000000000000000000000000000000000000000000000000000000000
1127512 0000000000000000000000000000000000000000000000000000000000000000
1127513 0000000000000000000000000000000000000000000000000000000000000000
1127514 0000000000000000000000000000000000000000000000000000000000000000
1127515 0000000000000000000000000000000000000000000000000000000000000000
1127516 0000000000000000000000000000000000000000000000000000000000000000
1127517 0000000000000000000000000000000000000000000000000000000000000000
1127518 0000000000000000000000000000000000000000000000000000000000000000
1127519 0000000000000000000000000000000000000000000000000000000000000000
1127520 0000000000000000000000000000000000000000000000000000000000000000
1127521 0000000000000000000000000000000000000000000000000000000000000000
1127522 0000000000000000000000000000000000000000000000000000000000000000
1127523 0000000000000000000000000000000000000000000000000000000000000000
1127524 0000000000000000000000000000000000000000000000000000000000000000
1127525 0000000000000000000000000000000000000000000000000000000000000000
1127526 0000000000000000000000000000000000000000000000000000000000000000
1127527 0000000000000000000000000000000000000000000000000000000000000000
1127528 0000000000000000000000000000000000000000000000000000000000000000
1127529 0000000000000000000000000000000000000000000000000000000000000000
1127530 0000000000000000000000000000000000000000000000000000000000000000
1127531 0000000000000000000000000000000000000000000000000000000000000000
1127532 0000000000000000000000000000000000000000000000000000000000000000
1127533 0000000000000000000000000000000000000000000000000000000000000000
1127534 0000000000000000000000000000000000000000000000000000000000000000
1127535 0000000000000000000000000000000000000000000000000000000000000000
1127536 0000000000000000000000000000000000000000000000000000000000000000
1127537 0000000000000000000000000000000000000000000000000000000000000000
1127538 0000000000000000000000000000000000000000000000000000000000000000
1127539 0000000000000000000000000000000000000000000000000000000000000000
1127540 0000000000000000000000000000000000000000000000000000000000000000
1127541 0000000000000000000000000000000000000000000000000000000000000000
1127542 0000000000000000000000000000000000000000000000000000000000000000
1127543 0000000000000000000000000000000000000000000000000000000000000000
1127544 0000000000000000000000000000000000000000000000000000000000000000
1127545 0000000000000000000000000000000000000000000000000000000000000000
1127546 0000000000000000000000000000000000000000000000000000000000000000
1127547 0000000000000000000000000000000000000000000000000000000000000000
1127548 0000000000000000000000000000000000000000000000000000000000000000
1127549 0000000000000000000000000000000000000000000000000000000000000000
1127550 0000000000000000000000000000000000000000000000000000000000000000
1127551 0000000000000000000000000000000000000000000000000000000000000000
1127552 0000000000000000000000000000000000000000000000000000000000000000
1127553 0000000000000000000000000000000000000000000000000000000000000000
1127554 0000000000000000000000000000000000000000000000000000000000000000
1127555 0000000000000000000000000000000000000000000000000000000000000000
1127556 0000000000000000000000000000000000000000000000000000000000000000
1127557 0000000000000000000000000000000000000000000000000000000000000000
1127558 0000000000000000000000000000000000000000000000000000000000000000
1127559 0000000000000000000000000000000000000000000000000000000000000000
1127560 0000000000000000000000000000000000000000000000000000000000000000
1127561 0000000000000000000000000000000000000000000000000000000000000000
1127562 0000000000000000000000000000000000000000000000000000000000000000
1127563 0000000000000000000000000000000000000000000000000000000000000000
1127564 0000000000000000000000000000000000000000000000000000000000000000
1127565 0000000000000000000000000000000000000000000000000000000000000000
1127566 0000000000000000000000000000000000000000000000000000000000000000
1127567 0000000000000000000000000000000000000000000000000000000000000000
1127568 0000000000000000000000000000000000000000000000000000000000000000
1127569 0000000000000000000000000000000000000000000000000000000000000000
1127570 0000000000000000000000000000000000000000000000000000000000000000
1127571 0000000000000000000000000000000000000000000000000000000000000000
1127572 0000000000000000000000000000000000000000000000000000000000000000
1127573 0000000000000000000000000000000000000000000000000000000000000000
1127574 0000000000000000000000000000000000000000000000000000000000000000
1127575 0000000000000000000000000000000000000000000000000000000000000000
1127576 0000000000000000000000000000000000000000000000000000000000000000
1127577 0000000000000000000000000000000000000000000000000000000000000000
1127578 0000000000000000000000000000000000000000000000000000000000000000
1127579 0000000000000000000000000000000000000000000000000000000000000000
1127580 0000000000000000000000000000000000000000000000000000000000000000
1127581 0000000000000000000000000000000000000000000000000000000000000000
1127582 0000000000000000000000000000000000000000000000000000000000000000
1127583 0000000000000000000000000000000000000000000000000000000000000000
1127584 0000000000000000000000000000000000000000000000000000000000000000
1127585 0000000000000000000000000000000000000000000000000000000000000000
1127586 0000000000000000000000000000000000000000000000000000000000000000
1127587 0000000000000000000000000000000000000000000000000000000000000000
1127588 0000000000000000000000000000000000000000000000000000000000000000
1127589 0000000000000000000000000000000000000000000000000000000000000000
1127590 0000000000000000000000000000000000000000000000000000000000000000
1127591 0000000000000000000000000000000000000000000000000000000000000000
1127592 0000000000000000000000000000000000000000000000000000000000000000
1127593 0000000000000000000000000000000000000000000000000000000000000000
1127594 0000000000000000000000000000000000000000000000000000000000000000
1127595 0000000000000000000000000000000000000000000000000000000000000000
1127596 0000000000000000000000000000000000000000000000000000000000000000
1127597 0000000000000000000000000000000000000000000000000000000000000000
1127598 0000000000000000000000000000000000000000000000000000000000000000
1127599 0000000000000000000000000000000000000000000000000000000000000000
1127600 0000000000000000000000000000000000000000000000000000000000000000
1127601 0000000000000000000000000000000000000000000000000000000000000000
1127602 0000000000000000000000000000000000000000000000000000000000000000
1127603 0000000000000000000000000000000000000000000000000000000000000000
1127604 0000000000000000000000000000000000000000000000000000000000000000
1127605 0000000000000000000000000000000000000000000000000000000000000000
1127606 0000000000000000000000000000000000000000000000000000000000000000
1127607 0000000000000000000000000000000000000000000000000000000000000000
1127608 0000000000000000000000000000000000000000000000000000000000000000
1127609 0000000000000000000000000000000000000000000000000000000000000000
1127610 0000000000000000000000000000000000000000000000000000000000000000
1127611 0000000000000000000000000000000000000000000000000000000000000000
1127612 0000000000000000000000000000000000000000000000000000000000000000
1127613 0000000000000000000000000000000000000000000000000000000000000000
1127614 0000000000000000000000000000000000000000000000000000000000000000
1127615 0000000000000000000000000000000000000000000000000000000000000000
1127616 0000000000000000000000000000000000000000000000000000000000000000
1127617 0000000000000000000000000000000000000000000000000000000000000000
1127618 0000000000000000000000000000000000000000000000000000000000000000
1127619 0000000000000000000000000000000000000000000000000000000000000000
1127620 0000000000000000000000000000000000000000000000000000000000000000
1127621 0000000000000000000000000000000000000000000000000000000000000000
1127622 0000000000000000000000000000000000000000000000000000000000000000
1127623 0000000000000000000000000000000000000000000000000000000000000000
1127624 0000000000000000000000000000000000000000000000000000000000000000
1127625 0000000000000000000000000000000000000000000000000000000000000000
1127626 0000000000000000000000000000000000000000000000000000000000000000
1127627 0000000000000000000000000000000000000000000000000000000000000000
