475678 0000000000000000000000000000000000000000000000000000000000000000
475679 0000000000000000000000000000000000000000000000000000000000000000
475680 0000000000000000000000000000000000000000000000000000000000000000
475681 0000000000000000000000000000000000000000000000000000000000000000
475682 0000000000000000000000000000000000000000000000000000000000000000
475683 0000000000000000000000000000000000000000000000000000000000000000
475684 0000000000000000000000000000000000000000000000000000000000000000
475685 0000000000000000000000000000000000000000000000000000000000000000
475686 0000000000000000000000000000000000000000000000000000000000000000
475687 0000000000000000000000000000000000000000000000000000000000000000
475688 0000000000000000000000000000000000000000000000000000000000000000
475689 0000000000000000000000000000000000000000000000000000000000000000
475690 0000000000000000000000000000000000000000000000000000000000000000
475691 0000000000000000000000000000000000000000000000000000000000000000
475692 0000000000000000000000000000000000000000000000000000000000000000
475693 0000000000000000000000000000000000000000000000000000000000000000
475694 0000000000000000000000000000000000000000000000000000000000000000
475695 0000000000000000000000000000000000000000000000000000000000000000
475696 0000000000000000000000000000000000000000000000000000000000000000
475697 0000000000000000000000000000000000000000000000000000000000000000
475698 0000000000000000000000000000000000000000000000000000000000000000
475699 0000000000000000000000000000000000000000000000000000000000000000
475700 0000000000000000000000000000000000000000000000000000000000000000
475701 0000000000000000000000000000000000000000000000000000000000000000
475702 0000000000000000000000000000000000000000000000000000000000000000
475703 0000000000000000000000000000000000000000000000000000000000000000
475704 0000000000000000000000000000000000000000000000000000000000000000
475705 0000000000000000000000000000000000000000000000000000000000000000
475706 0000000000000000000000000000000000000000000000000000000000000000
475707 0000000000000000000000000000000000000000000000000000000000000000
475708 0000000000000000000000000000000000000000000000000000000000000000
475709 0000000000000000000000000000000000000000000000000000000000000000
475710 0000000000000000000000000000000000000000000000000000000000000000
475711 0000000000000000000000000000000000000000000000000000000000000000
475712 0000000000000000000000000000000000000000000000000000000000000000
475713 0000000000000000000000000000000000000000000000000000000000000000
475714 0000000000000000000000000000000000000000000000000000000000000000
475715 0000000000000000000000000000000000000000000000000000000000000000
475716 0000000000000000000000000000000000000000000000000000000000000000
475717 0000000000000000000000000000000000000000000000000000000000000000
475718 0000000000000000000000000000000000000000000000000000000000000000
475719 0000000000000000000000000000000000000000000000000000000000000000
475720 0000000000000000000000000000000000000000000000000000000000000000
475721 0000000000000000000000000000000000000000000000000000000000000000
475722 0000000000000000000000000000000000000000000000000000000000000000
475723 0000000000000000000000000000000000000000000000000000000000000000
475724 0000000000000000000000000000000000000000000000000000000000000000
475725 0000000000000000000000000000000000000000000000000000000000000000
475726 0000000000000000000000000000000000000000000000000000000000000000
475727 0000000000000000000000000000000000000000000000000000000000000000
475728 0000000000000000000000000000000000000000000000000000000000000000
475729 0000000000000000000000000000000000000000000000000000000000000000
475730 0000000000000000000000000000000000000000000000000000000000000000
475731 0000000000000000000000000000000000000000000000000000000000000000
475732 0000000000000000000000000000000000000000000000000000000000000000
475733 0000000000000000000000000000000000000000000000000000000000000000
475734 0000000000000000000000000000000000000000000000000000000000000000
475735 0000000000000000000000000000000000000000000000000000000000000000
475736 0000000000000000000000000000000000000000000000000000000000000000
475737 0000000000000000000000000000000000000000000000000000000000000000
475738 0000000000000000000000000000000000000000000000000000000000000000
475739 0000000000000000000000000000000000000000000000000000000000000000
475740 0000000000000000000000000000000000000000000000000000000000000000
475741 0000000000000000000000000000000000000000000000000000000000000000
475742 0000000000000000000000000000000000000000000000000000000000000000
475743 0000000000000000000000000000000000000000000000000000000000000000
475744 0000000000000000000000000000000000000000000000000000000000000000
475745 0000000000000000000000000000000000000000000000000000000000000000
475746 0000000000000000000000000000000000000000000000000000000000000000
475747 0000000000000000000000000000000000000000000000000000000000000000
475748 0000000000000000000000000000000000000000000000000000000000000000
475749 0000000000000000000000000000000000000000000000000000000000000000
475750 0000000000000000000000000000000000000000000000000000000000000000
475751 0000000000000000000000000000000000000000000000000000000000000000
475752 0000000000000000000000000000000000000000000000000000000000000000
475753 0000000000000000000000000000000000000000000000000000000000000000
475754 0000000000000000000000000000000000000000000000000000000000000000
475755 0000000000000000000000000000000000000000000000000000000000000000
475756 0000000000000000000000000000000000000000000000000000000000000000
475757 0000000000000000000000000000000000000000000000000000000000000000
475758 0000000000000000000000000000000000000000000000000000000000000000
475759 0000000000000000000000000000000000000000000000000000000000000000
475760 0000000000000000000000000000000000000000000000000000000000000000
475761 0000000000000000000000000000000000000000000000000000000000000000
475762 0000000000000000000000000000000000000000000000000000000000000000
475763 0000000000000000000000000000000000000000000000000000000000000000
475764 0000000000000000000000000000000000000000000000000000000000000000
475765 0000000000000000000000000000000000000000000000000000000000000000
475766 0000000000000000000000000000000000000000000000000000000000000000
475767 0000000000000000000000000000000000000000000000000000000000000000
475768 0000000000000000000000000000000000000000000000000000000000000000
475769 0000000000000000000000000000000000000000000000000000000000000000
475770 0000000000000000000000000000000000000000000000000000000000000000
475771 0000000000000000000000000000000000000000000000000000000000000000
475772 0000000000000000000000000000000000000000000000000000000000000000
475773 0000000000000000000000000000000000000000000000000000000000000000
475774 0000000000000000000000000000000000000000000000000000000000000000
475775 0000000000000000000000000000000000000000000000000000000000000000
475776 0000000000000000000000000000000000000000000000000000000000000000
475777 0000000000000000000000000000000000000000000000000000000000000000
475778 0000000000000000000000000000000000000000000000000000000000000000
475779 0000000000000000000000000000000000000000000000000000000000000000
475780 0000000000000000000000000000000000000000000000000000000000000000
475781 0000000000000000000000000000000000000000000000000000000000000000
475782 0000000000000000000000000000000000000000000000000000000000000000
475783 0000000000000000000000000000000000000000000000000000000000000000
475784 0000000000000000000000000000000000000000000000000000000000000000
475785 0000000000000000000000000000000000000000000000000000000000000000
475786 0000000000000000000000000000000000000000000000000000000000000000
475787 0000000000000000000000000000000000000000000000000000000000000000
475788 0000000000000000000000000000000000000000000000000000000000000000
475789 0000000000000000000000000000000000000000000000000000000000000000
475790 0000000000000000000000000000000000000000000000000000000000000000
475791 0000000000000000000000000000000000000000000000000000000000000000
475792 0000000000000000000000000000000000000000000000000000000000000000
475793 0000000000000000000000000000000000000000000000000000000000000000
475794 0000000000000000000000000000000000000000000000000000000000000000
475795 0000000000000000000000000000000000000000000000000000000000000000
475796 0000000000000000000000000000000000000000000000000000000000000000
475797 0000000000000000000000000000000000000000000000000000000000000000
475798 0000000000000000000000000000000000000000000000000000000000000000
475799 0000000000000000000000000000000000000000000000000000000000000000
475800 0000000000000000000000000000000000000000000000000000000000000000
475801 0000000000000000000000000000000000000000000000000000000000000000
475802 0000000000000000000000000000000000000000000000000000000000000000
475803 0000000000000000000000000000000000000000000000000000000000000000
475804 0000000000000000000000000000000000000000000000000000000000000000
475805 0000000000000000000000000000000000000000000000000000000000000000
475806 0000000000000000000000000000000000000000000000000000000000000000
475807 0000000000000000000000000000000000000000000000000000000000000000
475808 0000000000000000000000000000000000000000000000000000000000000000
475809 0000000000000000000000000000000000000000000000000000000000000000
475810 0000000000000000000000000000000000000000000000000000000000000000
475811 0000000000000000000000000000000000000000000000000000000000000000
475812 0000000000000000000000000000000000000000000000000000000000000000
475813 0000000000000000000000000000000000000000000000000000000000000000
475814 0000000000000000000000000000000000000000000000000000000000000000
475815 0000000000000000000000000000000000000000000000000000000000000000
475816 0000000000000000000000000000000000000000000000000000000000000000
475817 0000000000000000000000000000000000000000000000000000000000000000
475818 0000000000000000000000000000000000000000000000000000000000000000
475819 0000000000000000000000000000000000000000000000000000000000000000
475820 0000000000000000000000000000000000000000000000000000000000000000
475821 0000000000000000000000000000000000000000000000000000000000000000
475822 0000000000000000000000000000000000000000000000000000000000000000
475823 0000000000000000000000000000000000000000000000000000000000000000
475824 0000000000000000000000000000000000000000000000000000000000000000
475825 0000000000000000000000000000000000000000000000000000000000000000
475826 0000000000000000000000000000000000000000000000000000000000000000
475827 0000000000000000000000000000000000000000000000000000000000000000
